0.004878196582232456 0.017816022300327233 0.024633377772391225 
0.0014240698097200339 0.005575081808265664 0.004666101078657133 
0.0010907768755302387 0.006544661253181433 0.005726578596533753 
0.0017876621015634469 0.0071506484062537875 0.005938674100109078 
0.0026360441158647437 0.007908132347594231 0.007938431705247849 
0.001666464670948976 0.008150527208823173 0.0075748394134044356 
0.0034844261301660404 0.006635559326142286 0.007211247121561023 
0.0030299357653617745 0.007938431705247849 0.0075142406980972 
0.0032420312689370985 0.00712034904860017 0.007271845836868259 
0.0037571203490486 0.006271967034298873 0.007453641982789964 
0.004090413283238396 0.006817355472063992 0.006514361895527815 
0.00469640043631075 0.005938674100109078 0.006393164464913344 
0.005999272815416313 0.00712034904860017 0.007271845836868259 
0.0075748394134044356 0.006756756756756757 0.006726457399103139 
0.00872621500424191 0.006453763180220579 0.006453763180220579 
0.009756393164464913 0.006241667676645255 0.006756756756756757 
0.00993818931038662 0.005302387589383105 0.005332686947036723 
0.009998788025693855 0.004635801721003515 0.005423585019997576 
0.01021088352926918 0.004241910071506484 0.00524178887407587 
0.009968488668040237 0.004635801721003515 0.005484183735304812 
0.009604896376196825 0.004787298509271604 0.005605381165919282 
0.00912010665373894 0.004514604290389044 0.004575203005696279 
0.008302023997091262 0.0045449036480426615 0.004938795297539692 
0.007665737486365289 0.004181311356199249 0.004878196582232456 
0.0074233426251363475 0.0032117319112834808 0.0042722094291601015 
0.007332444552175494 0.0035753242031268937 0.0042722094291601015 
0.006726457399103139 0.003999515210277542 0.004090413283238396 
0.006665858683795904 0.0038177190643558356 0.003938916494970307 
0.005665979881226518 0.003696521633741365 0.003514725487819658 
0.006271967034298873 0.003545024845473276 0.0038177190643558356 
0.005484183735304812 0.003726820991394982 0.003545024845473276 
0.005817476669494607 0.0035753242031268937 0.0037874197067022178 
0.004393406859774573 0.0030905344806690096 0.003666222276087747 
0.005029693370500545 0.0033632286995515697 0.003908617137316689 
0.004484304932735426 0.0030905344806690096 0.002969337050054539 
0.004726699793964368 0.003181432553629863 0.003726820991394982 
0.00442370621742819 0.0033632286995515697 0.003696521633741365 
0.004393406859774573 0.003545024845473276 0.0038480184220094533 
0.0042722094291601015 0.003302629984244334 0.0030905344806690096 
0.004999394012846927 0.003908617137316689 0.003545024845473276 
0.004514604290389044 0.003423827414858805 0.0029087383347473033 
0.0036056235607805115 0.0026663434735183615 0.0033935280572051875 
0.003999515210277542 0.0038177190643558356 0.0030602351230153923 
0.004454005575081808 0.003545024845473276 0.003514725487819658 
0.004605502363349897 0.003151133195976245 0.003514725487819658 
0.004211610713852866 0.0029087383347473033 0.00402981456793116 
0.003545024845473276 0.0034844261301660404 0.0037874197067022178 
0.003908617137316689 0.0033632286995515697 0.003302629984244334 
0.0034844261301660404 0.003514725487819658 0.003666222276087747 
0.004090413283238396 0.002575445400557508 0.004666101078657133 
0.004666101078657133 0.0028784389770936856 0.003726820991394982 
0.004605502363349897 0.0026966428311719793 0.004847897224578839 
0.005362986304690341 0.0031208338383226274 0.00469640043631075 
0.006362865107259726 0.0033632286995515697 0.005059992728154163 
0.006332565749606108 0.0026966428311719793 0.005665979881226518 
0.006393164464913344 0.0034541267725124226 0.006362865107259726 
0.006090170888377167 0.0038177190643558356 0.006059871530723549 
0.005393285662343959 0.0033632286995515697 0.005817476669494607 
0.00524178887407587 0.002969337050054539 0.005575081808265664 
0.005453884377651194 0.002726942188825597 0.006181068961338019 
0.005726578596533753 0.002939037692400921 0.0056962792388801356 
0.005787177311840989 0.0036056235607805115 0.004605502363349897 
0.00712034904860017 0.0034844261301660404 0.005544782450612047 
0.005362986304690341 0.0030905344806690096 0.005423585019997576 
0.005059992728154163 0.0036056235607805115 0.005756877954187371 
0.005059992728154163 0.003181432553629863 0.005665979881226518 
0.006181068961338019 0.0034541267725124226 0.005423585019997576 
0.006090170888377167 0.003696521633741365 0.004847897224578839 
0.005423585019997576 0.0038177190643558356 0.005756877954187371 
0.005726578596533753 0.0032117319112834808 0.005090292085807781 
0.005726578596533753 0.003696521633741365 0.0058477760271482245 
0.005059992728154163 0.0037874197067022178 0.006362865107259726 
0.005181190158768634 0.004484304932735426 0.005968973457762696 
0.004756999151617986 0.004756999151617986 0.005787177311840989 
0.004484304932735426 0.004756999151617986 0.00630226639195249 
0.004120712640892013 0.0052720882317294875 0.004787298509271604 
0.004302508786813719 0.00524178887407587 0.00524178887407587 
0.004151011998545631 0.005423585019997576 0.0052720882317294875 
0.004060113925584778 0.004847897224578839 0.004756999151617986 
0.0032117319112834808 0.00590837474245546 0.004635801721003515 
0.00402981456793116 0.006968852260332081 0.004181311356199249 
0.0029996364077081567 0.006029572173069931 0.004635801721003515 
0.0038177190643558356 0.005999272815416313 0.004514604290389044 
0.003938916494970307 0.006090170888377167 0.004575203005696279 
0.0034541267725124226 0.006453763180220579 0.0037571203490486 
0.003423827414858805 0.005393285662343959 0.004666101078657133 
0.0032117319112834808 0.00590837474245546 0.005423585019997576 
0.0036056235607805115 0.00524178887407587 0.004635801721003515 
0.0033632286995515697 0.0048175978669252216 0.005181190158768634 
0.0031208338383226274 0.005787177311840989 0.004908495939886074 
0.003151133195976245 0.0051205914434613985 0.005211489516422252 
0.002787540904132832 0.005090292085807781 0.004787298509271604 
0.0032723306265907163 0.005544782450612047 0.004999394012846927 
0.0028481396194400678 0.00524178887407587 0.004514604290389044 
0.003302629984244334 0.004878196582232456 0.005029693370500545 
0.0032117319112834808 0.004666101078657133 0.005938674100109078 
0.003181432553629863 0.00469640043631075 0.005878075384801842 
0.0031208338383226274 0.004484304932735426 0.005453884377651194 
0.0027572415464792144 0.004241910071506484 0.005453884377651194 
0.002969337050054539 0.004514604290389044 0.0061204702460307845 
0.0032117319112834808 0.004787298509271604 0.006605259968488668 
0.0028481396194400678 0.0036359229184341293 0.00630226639195249 
0.003545024845473276 0.003999515210277542 0.006726457399103139 
0.002484547327596655 0.0039692158526239245 0.006544661253181433 
0.003151133195976245 0.0039692158526239245 0.006817355472063992 
0.0029996364077081567 0.003423827414858805 0.006059871530723549 
0.003545024845473276 0.003726820991394982 0.005787177311840989 
0.003332929341897952 0.00281784026178645 0.006908253545024845 
0.002969337050054539 0.0038177190643558356 0.0066961580414495216 
0.002605744758211126 0.002969337050054539 0.006393164464913344 
0.0028784389770936856 0.003423827414858805 0.006726457399103139 
0.00281784026178645 0.0029087383347473033 0.006665858683795904 
0.002726942188825597 0.003938916494970307 0.006787056114410375 
0.002969337050054539 0.003423827414858805 0.006635559326142286 
0.002242152466367713 0.003181432553629863 0.006271967034298873 
0.002605744758211126 0.0036056235607805115 0.006635559326142286 
0.002393649254635802 0.0037874197067022178 0.005665979881226518 
0.00281784026178645 0.004393406859774573 0.0052720882317294875 
0.002605744758211126 0.003151133195976245 0.005150890801115016 
0.002787540904132832 0.0034844261301660404 0.005090292085807781 
0.002575445400557508 0.0037571203490486 0.004878196582232456 
0.0030602351230153923 0.0039692158526239245 0.005484183735304812 
0.0026360441158647437 0.003908617137316689 0.004878196582232456 
0.0023330505393285663 0.003726820991394982 0.004756999151617986 
0.002120955035753242 0.004332808144467337 0.004241910071506484 
0.0024239486122894197 0.004181311356199249 0.004241910071506484 
0.0029087383347473033 0.0039692158526239245 0.003908617137316689 
0.0020906556780996245 0.004847897224578839 0.0036359229184341293 
0.0023330505393285663 0.004484304932735426 0.0038480184220094533 
0.002211853108714095 0.00496909465519331 0.003545024845473276 
0.0023027511816749485 0.004454005575081808 0.0031208338383226274 
0.002575445400557508 0.004938795297539692 0.003181432553629863 
0.0026360441158647437 0.0056962792388801356 0.00281784026178645 
0.0023330505393285663 0.0048175978669252216 0.0029996364077081567 
0.0023330505393285663 0.0051205914434613985 0.0028481396194400678 
0.0019391588898315356 0.005332686947036723 0.0023330505393285663 
0.0018785601745243 0.004999394012846927 0.0026966428311719793 
0.0021512543934068596 0.005514483092958429 0.0030905344806690096 
0.0026966428311719793 0.005787177311840989 0.0027572415464792144 
0.0025148466852502726 0.00496909465519331 0.002484547327596655 
0.001999757605138771 0.0056962792388801356 0.0025148466852502726 
0.0022724518240213308 0.006393164464913344 0.0023330505393285663 
0.002030056962792389 0.007241546479214641 0.0023027511816749485 
0.0021512543934068596 0.006059871530723549 0.0025148466852502726 
0.0023027511816749485 0.006635559326142286 0.002242152466367713 
0.002211853108714095 0.005362986304690341 0.0019694582474851534 
0.0022724518240213308 0.0052720882317294875 0.0020906556780996245 
0.0023027511816749485 0.005665979881226518 0.0018179614592170646 
0.0025148466852502726 0.005423585019997576 0.002120955035753242 
0.0024239486122894197 0.005575081808265664 0.0017270633862562113 
0.0023330505393285663 0.005484183735304812 0.001757362743909829 
0.002363349896982184 0.005453884377651194 0.0019391588898315356 
0.002969337050054539 0.004908495939886074 0.0022724518240213308 
0.0023330505393285663 0.005029693370500545 0.0023027511816749485 
0.0023330505393285663 0.004575203005696279 0.0017270633862562113 
0.0029087383347473033 0.004847897224578839 0.0018482608168706824 
0.0029996364077081567 0.004393406859774573 0.0018482608168706824 
0.0027572415464792144 0.004393406859774573 0.0018785601745243 
0.003514725487819658 0.003999515210277542 0.0022724518240213308 
0.0032723306265907163 0.003514725487819658 0.0016058659556417404 
0.003151133195976245 0.00442370621742819 0.0018482608168706824 
0.0032117319112834808 0.003696521633741365 0.002030056962792389 
0.003696521633741365 0.0036056235607805115 0.0018179614592170646 
0.003545024845473276 0.003302629984244334 0.0014543691673736517 
0.0038480184220094533 0.0028481396194400678 0.002030056962792389 
0.003696521633741365 0.002939037692400921 0.0014846685250272695 
0.003696521633741365 0.0026663434735183615 0.0018179614592170646 
0.00402981456793116 0.002939037692400921 0.0018785601745243 
0.004454005575081808 0.002575445400557508 0.0019694582474851534 
0.004454005575081808 0.00281784026178645 0.0017876621015634469 
0.005029693370500545 0.002454247969943037 0.0016058659556417404 
0.005393285662343959 0.0023027511816749485 0.0016361653132953582 
0.0056356805235729 0.002484547327596655 0.0019694582474851534 
0.006605259968488668 0.0025451460429038904 0.0015149678826808872 
0.0066961580414495216 0.0019694582474851534 0.002030056962792389 
0.007817234274633378 0.0018785601745243 0.0014846685250272695 
0.008392922070052116 0.0016967640286025937 0.001757362743909829 
0.009029208580778087 0.001999757605138771 0.001393770452066416 
0.008635316931281056 0.002242152466367713 0.001757362743909829 
0.010453278390498122 0.0015452672403345048 0.0016058659556417404 
0.01033208095988365 0.0020906556780996245 0.0015755665979881226 
0.009816991879772148 0.0018482608168706824 0.0016361653132953582 
0.010816870682341535 0.0020603563204460067 0.0014846685250272695 
0.011968246273179009 0.001757362743909829 0.0018179614592170646 
0.011907647557871773 0.001666464670948976 0.0019088595321779178 
0.011210762331838564 0.0016361653132953582 0.0019694582474851534 
0.013089322506362865 0.002242152466367713 0.0015452672403345048 
0.01330141800993819 0.0019694582474851534 0.0015149678826808872 
0.02108835292691795 0.0019694582474851534 0.001757362743909829 
0.014998182038540782 0.001999757605138771 0.001757362743909829 
0.013755908374742455 0.001757362743909829 0.0015755665979881226 
0.010938068112956006 0.0017876621015634469 0.0014846685250272695 
0.009968488668040237 0.0021512543934068596 0.0016967640286025937 
0.0074233426251363475 0.002363349896982184 0.0014846685250272695 
0.006484062537874197 0.0031208338383226274 0.0017270633862562113 
0.005393285662343959 0.0023027511816749485 0.0015149678826808872 
0.004878196582232456 0.002605744758211126 0.0020603563204460067 
0.004181311356199249 0.0032723306265907163 0.0018785601745243 
0.004756999151617986 0.002969337050054539 0.0020603563204460067 
0.003666222276087747 0.002787540904132832 0.0021512543934068596 
0.0029087383347473033 0.0034541267725124226 0.001999757605138771 
0.003151133195976245 0.003878317779663071 0.002575445400557508 
0.0028784389770936856 0.0042722094291601015 0.0025148466852502726 
0.003423827414858805 0.004666101078657133 0.0026360441158647437 
0.002242152466367713 0.005756877954187371 0.002363349896982184 
0.002211853108714095 0.0064234638225669615 0.003423827414858805 
0.002120955035753242 0.009604896376196825 0.002484547327596655 
0.001757362743909829 0.015513271118652285 0.003332929341897952 
0.0016361653132953582 0.022057932371833715 0.003696521633741365 
0.0015452672403345048 0.01663434735183614 0.004241910071506484 
0.0013634710944127985 0.02093685613864986 0.0045449036480426615 
0.001181674948491092 0.012301539207368805 0.005423585019997576 
0.0012119743061447098 0.006635559326142286 0.005787177311840989 
0.001060477517876621 0.004332808144467337 0.010695673251727064 
7.271845836868258E-4 0.003999515210277542 0.013786207732396073 
0.0010301781602230034 0.0028784389770936856 0.018694703672282147 
6.96885226033208E-4 0.0017270633862562113 0.01666464670948976 
8.180826566476791E-4 0.0022724518240213308 0.01769482486971276 
6.362865107259726E-4 0.002363349896982184 0.009877590595079384 
6.665858683795904E-4 0.0019088595321779178 0.006453763180220579 
3.0299357653617746E-4 0.0015755665979881226 0.004120712640892013 
5.756877954187371E-4 9.089807296085323E-4 0.003726820991394982 
6.0598715307235486E-5 0.0012725730214519452 0.002393649254635802 
4.2419100715064843E-4 9.998788025693856E-4 0.002454247969943037 
1.5149678826808873E-4 0.0010301781602230034 0.002211853108714095 
4.5449036480426616E-4 6.665858683795904E-4 0.002120955035753242 
1.8179614592170646E-4 8.180826566476791E-4 0.0014240698097200339 
1.8179614592170646E-4 6.665858683795904E-4 0.0012422736637983274 
6.0598715307235486E-5 4.2419100715064843E-4 0.001060477517876621 
9.089807296085323E-5 4.2419100715064843E-4 8.483820143012969E-4 
9.089807296085323E-5 3.9389164949703065E-4 7.574839413404436E-4 
1.8179614592170646E-4 3.9389164949703065E-4 7.271845836868258E-4 
1.5149678826808873E-4 2.4239486122894195E-4 6.362865107259726E-4 
1.5149678826808873E-4 2.4239486122894195E-4 3.9389164949703065E-4 
1.2119743061447097E-4 2.726942188825597E-4 5.453884377651194E-4 
2.4239486122894195E-4 2.4239486122894195E-4 3.332929341897952E-4 
6.0598715307235486E-5 1.8179614592170646E-4 2.4239486122894195E-4 
1.2119743061447097E-4 4.5449036480426616E-4 3.635922918434129E-4 
3.0299357653617743E-5 3.635922918434129E-4 3.332929341897952E-4 
9.089807296085323E-5 2.4239486122894195E-4 9.089807296085323E-5 
6.0598715307235486E-5 1.2119743061447097E-4 1.5149678826808873E-4 
0.0 9.089807296085323E-5 1.8179614592170646E-4 
0.0 6.0598715307235486E-5 1.8179614592170646E-4 
0.0 3.0299357653617743E-5 1.5149678826808873E-4 
9.089807296085323E-5 1.5149678826808873E-4 1.2119743061447097E-4 
6.0598715307235486E-5 1.2119743061447097E-4 9.089807296085323E-5 
3.0299357653617743E-5 9.089807296085323E-5 6.0598715307235486E-5 
6.0598715307235486E-5 6.0598715307235486E-5 6.0598715307235486E-5 
3.0299357653617743E-5 3.0299357653617743E-5 3.0299357653617743E-5 
3.0299357653617743E-5 0.0 9.089807296085323E-5 
3.0299357653617743E-5 0.0 3.0299357653617743E-5 
0.0 0.0 6.0598715307235486E-5 
3.0299357653617743E-5 3.0299357653617743E-5 6.0598715307235486E-5 
0.0 0.0 0.0 
0.0 0.0 0.0 
3.0299357653617743E-5 1.2119743061447097E-4 6.0598715307235486E-5 
