0.014998182038540782 0.023269906677978427 0.01905829596412556 
0.002605744758211126 0.009059507938431705 0.004211610713852866 
0.002575445400557508 0.01748272936613744 0.007090049690946552 
0.004090413283238396 0.027754211610713852 0.007211247121561023 
0.004575203005696279 0.028905587201551328 0.010453278390498122 
0.0034844261301660404 0.023966791904011634 0.014028602593625015 
0.0056356805235729 0.020330868985577507 0.022239728517755422 
0.006029572173069931 0.01748272936613744 0.026269543085686582 
0.006665858683795904 0.014604290389043753 0.024087989334626105 
0.00712034904860017 0.014058901951278633 0.021361047145800508 
0.0075748394134044356 0.013119621864016483 0.023057811174403104 
0.00899890922312447 0.013634710944127984 0.018270512665131498 
0.010392679675190886 0.0112713610471458 0.016361653132953582 
0.011998545630832627 0.010968367470609624 0.01463458974669737 
0.012846927645133923 0.01087746939764877 0.014210398739546722 
0.014604290389043753 0.010544176463458975 0.012786328929826687 
0.017361531935522968 0.010513877105805357 0.012816628287480305 
0.022754817597866926 0.009423100230275119 0.011362259120106653 
0.027875409041328323 0.009847291237425766 0.011210762331838564 
0.0319355229669131 0.008786813719549145 0.011180462974184947 
0.0322688159011029 0.008120227851169556 0.010968367470609624 
0.021664040722336686 0.00884741243485638 0.009574597018543208 
0.018361410738092353 0.008211125924130409 0.010089686098654708 
0.014149800024239486 0.007544540055750818 0.00927160344200703 
0.014028602593625015 0.00833232335474488 0.00884741243485638 
0.01233183856502242 0.006877954187371227 0.00845352078535935 
0.011241061689492182 0.006908253545024845 0.008362622712398498 
0.010574475821112593 0.006968852260332081 0.0075142406980972 
0.009483698945582354 0.006605259968488668 0.008514119500666585 
0.00978669252211853 0.00630226639195249 0.007211247121561023 
0.008877711792509999 0.00657496061083505 0.007332444552175494 
0.007847533632286996 0.00630226639195249 0.006665858683795904 
0.008120227851169556 0.005999272815416313 0.006211368318991637 
0.008150527208823173 0.005726578596533753 0.005090292085807781 
0.0074233426251363475 0.006090170888377167 0.005544782450612047 
0.006484062537874197 0.005150890801115016 0.006090170888377167 
0.006968852260332081 0.005514483092958429 0.005302387589383105 
0.006453763180220579 0.005393285662343959 0.005423585019997576 
0.0066961580414495216 0.005484183735304812 0.004878196582232456 
0.006453763180220579 0.004999394012846927 0.004605502363349897 
0.00684765482971761 0.005575081808265664 0.004938795297539692 
0.005423585019997576 0.005665979881226518 0.005211489516422252 
0.005575081808265664 0.005514483092958429 0.004514604290389044 
0.006029572173069931 0.004787298509271604 0.003938916494970307 
0.005575081808265664 0.004514604290389044 0.004151011998545631 
0.0056356805235729 0.004060113925584778 0.004060113925584778 
0.005665979881226518 0.0045449036480426615 0.003878317779663071 
0.006029572173069931 0.004575203005696279 0.003908617137316689 
0.005756877954187371 0.004211610713852866 0.0039692158526239245 
0.005211489516422252 0.0039692158526239245 0.004302508786813719 
0.005575081808265664 0.003726820991394982 0.0038177190643558356 
0.004666101078657133 0.0034541267725124226 0.003696521633741365 
0.004726699793964368 0.004211610713852866 0.0033632286995515697 
0.004151011998545631 0.0039692158526239245 0.0034844261301660404 
0.003908617137316689 0.003545024845473276 0.0030602351230153923 
0.004302508786813719 0.003938916494970307 0.003332929341897952 
0.003908617137316689 0.0032117319112834808 0.0037874197067022178 
0.00402981456793116 0.003878317779663071 0.0035753242031268937 
0.004363107502120955 0.004090413283238396 0.002939037692400921 
0.0037571203490486 0.0032723306265907163 0.0037874197067022178 
0.003878317779663071 0.003302629984244334 0.003302629984244334 
0.003514725487819658 0.002787540904132832 0.0034541267725124226 
0.003878317779663071 0.0033935280572051875 0.0032420312689370985 
0.003181432553629863 0.0042722094291601015 0.003302629984244334 
0.003696521633741365 0.0030602351230153923 0.0034541267725124226 
0.003423827414858805 0.0032723306265907163 0.002726942188825597 
0.0038177190643558356 0.0030905344806690096 0.0037874197067022178 
0.0030299357653617745 0.0033935280572051875 0.0029996364077081567 
0.003696521633741365 0.003545024845473276 0.00281784026178645 
0.0033632286995515697 0.003696521633741365 0.002939037692400921 
0.004090413283238396 0.0031208338383226274 0.002787540904132832 
0.004090413283238396 0.003332929341897952 0.0025148466852502726 
0.0039692158526239245 0.0038480184220094533 0.002454247969943037 
0.004999394012846927 0.004090413283238396 0.0023027511816749485 
0.004575203005696279 0.003514725487819658 0.0029087383347473033 
0.004938795297539692 0.0034541267725124226 0.002484547327596655 
0.0056962792388801356 0.003302629984244334 0.0030602351230153923 
0.00496909465519331 0.003181432553629863 0.0028481396194400678 
0.00524178887407587 0.0033632286995515697 0.002484547327596655 
0.0064234638225669615 0.0030905344806690096 0.0025148466852502726 
0.006029572173069931 0.0033935280572051875 0.002605744758211126 
0.005726578596533753 0.0027572415464792144 0.0030905344806690096 
0.006332565749606108 0.002969337050054539 0.002484547327596655 
0.007029450975639316 0.0030602351230153923 0.002575445400557508 
0.0074233426251363475 0.003423827414858805 0.002605744758211126 
0.008180826566476791 0.003151133195976245 0.0021815537510604774 
0.00884741243485638 0.003302629984244334 0.0026663434735183615 
0.009059507938431705 0.0032117319112834808 0.002787540904132832 
0.008211125924130409 0.0032420312689370985 0.0029087383347473033 
0.008180826566476791 0.003151133195976245 0.0027572415464792144 
0.007453641982789964 0.0032420312689370985 0.0026360441158647437 
0.007090049690946552 0.0036359229184341293 0.002211853108714095 
0.00739304326748273 0.0032117319112834808 0.002575445400557508 
0.006362865107259726 0.0031208338383226274 0.0025451460429038904 
0.00684765482971761 0.0034844261301660404 0.0025148466852502726 
0.005817476669494607 0.0033632286995515697 0.002454247969943037 
0.005362986304690341 0.0028784389770936856 0.002211853108714095 
0.005726578596533753 0.003514725487819658 0.002120955035753242 
0.005665979881226518 0.0034844261301660404 0.0023027511816749485 
0.0045449036480426615 0.004241910071506484 0.002939037692400921 
0.004454005575081808 0.0033632286995515697 0.0023027511816749485 
0.00469640043631075 0.004120712640892013 0.0021512543934068596 
0.0037874197067022178 0.004787298509271604 0.002120955035753242 
0.004151011998545631 0.004787298509271604 0.002605744758211126 
0.004847897224578839 0.004484304932735426 0.0020603563204460067 
0.0048175978669252216 0.004484304932735426 0.0025451460429038904 
0.005150890801115016 0.00496909465519331 0.002484547327596655 
0.00442370621742819 0.004332808144467337 0.00281784026178645 
0.004151011998545631 0.004060113925584778 0.0028481396194400678 
0.004787298509271604 0.0045449036480426615 0.0024239486122894197 
0.004847897224578839 0.005878075384801842 0.0026360441158647437 
0.0052720882317294875 0.005575081808265664 0.0028481396194400678 
0.004363107502120955 0.006271967034298873 0.0026663434735183615 
0.005059992728154163 0.005211489516422252 0.002726942188825597 
0.004666101078657133 0.005726578596533753 0.0030905344806690096 
0.004211610713852866 0.0061204702460307845 0.0030299357653617745 
0.0042722094291601015 0.0066961580414495216 0.0035753242031268937 
0.004363107502120955 0.0056356805235729 0.0038480184220094533 
0.004181311356199249 0.0052720882317294875 0.003666222276087747 
0.0038480184220094533 0.0069991516179856985 0.004060113925584778 
0.003726820991394982 0.006968852260332081 0.0039692158526239245 
0.002939037692400921 0.005453884377651194 0.00442370621742819 
0.002939037692400921 0.005423585019997576 0.004787298509271604 
0.0032723306265907163 0.004787298509271604 0.00402981456793116 
0.0030905344806690096 0.005029693370500545 0.004666101078657133 
0.0029996364077081567 0.003726820991394982 0.0045449036480426615 
0.003181432553629863 0.004332808144467337 0.00496909465519331 
0.0025451460429038904 0.0038177190643558356 0.003938916494970307 
0.002393649254635802 0.0032420312689370985 0.0038480184220094533 
0.0029087383347473033 0.003999515210277542 0.003938916494970307 
0.0030299357653617745 0.004090413283238396 0.002787540904132832 
0.0033632286995515697 0.0039692158526239245 0.002454247969943037 
0.003302629984244334 0.003908617137316689 0.002484547327596655 
0.0029087383347473033 0.004332808144467337 0.0028784389770936856 
0.0030905344806690096 0.004575203005696279 0.002242152466367713 
0.003878317779663071 0.004787298509271604 0.0023330505393285663 
0.0042722094291601015 0.004847897224578839 0.0023330505393285663 
0.0030905344806690096 0.005362986304690341 0.002454247969943037 
0.004181311356199249 0.004938795297539692 0.0020906556780996245 
0.0037571203490486 0.005211489516422252 0.002211853108714095 
0.003999515210277542 0.005362986304690341 0.002605744758211126 
0.0038480184220094533 0.005302387589383105 0.002575445400557508 
0.0031208338383226274 0.00524178887407587 0.002393649254635802 
0.0029087383347473033 0.007059750333292934 0.002726942188825597 
0.0019694582474851534 0.006241667676645255 0.0028481396194400678 
0.0016058659556417404 0.005393285662343959 0.0026663434735183615 
0.0013634710944127985 0.005150890801115016 0.003151133195976245 
0.0011513755908374743 0.0064234638225669615 0.00281784026178645 
0.0011210762331838565 0.0056962792388801356 0.003332929341897952 
9.089807296085323E-4 0.005181190158768634 0.0032117319112834808 
6.96885226033208E-4 0.004999394012846927 0.002969337050054539 
5.453884377651194E-4 0.002484547327596655 0.0028784389770936856 
4.847897224578839E-4 0.0023027511816749485 0.0031208338383226274 
4.5449036480426616E-4 0.0018179614592170646 0.0034541267725124226 
4.847897224578839E-4 0.002030056962792389 0.0027572415464792144 
7.271845836868258E-4 0.0012119743061447098 0.002454247969943037 
5.150890801115017E-4 0.001757362743909829 0.0029087383347473033 
6.059871530723549E-4 0.0016967640286025937 0.0032117319112834808 
4.5449036480426616E-4 0.0014543691673736517 0.0030905344806690096 
5.453884377651194E-4 0.0015149678826808872 0.0028481396194400678 
5.756877954187371E-4 0.001060477517876621 0.002787540904132832 
3.9389164949703065E-4 0.0014543691673736517 0.002605744758211126 
4.847897224578839E-4 0.001181674948491092 0.0030299357653617745 
3.9389164949703065E-4 0.0014846685250272695 0.0028481396194400678 
3.635922918434129E-4 0.0015452672403345048 0.002484547327596655 
2.726942188825597E-4 0.0015149678826808872 0.003302629984244334 
5.150890801115017E-4 0.0010301781602230034 0.003181432553629863 
5.756877954187371E-4 0.0013634710944127985 0.003545024845473276 
4.847897224578839E-4 0.0016967640286025937 0.0038177190643558356 
4.847897224578839E-4 0.0015149678826808872 0.004393406859774573 
4.2419100715064843E-4 0.0013331717367591808 0.003514725487819658 
4.847897224578839E-4 0.0013634710944127985 0.005211489516422252 
5.756877954187371E-4 0.0016361653132953582 0.0033935280572051875 
4.5449036480426616E-4 0.0014543691673736517 0.0038480184220094533 
1.2119743061447097E-4 0.0016058659556417404 0.00402981456793116 
1.5149678826808873E-4 0.001393770452066416 0.004575203005696279 
3.0299357653617746E-4 0.0014846685250272695 0.005150890801115016 
3.0299357653617746E-4 0.0015452672403345048 0.004514604290389044 
3.332929341897952E-4 0.002030056962792389 0.004847897224578839 
2.4239486122894195E-4 0.0014543691673736517 0.004393406859774573 
2.1209550357532422E-4 0.0016361653132953582 0.0058477760271482245 
3.635922918434129E-4 0.0013331717367591808 0.005211489516422252 
2.1209550357532422E-4 0.0014543691673736517 0.004847897224578839 
3.332929341897952E-4 0.0010907768755302387 0.0038177190643558356 
1.5149678826808873E-4 0.0012119743061447098 0.003908617137316689 
3.9389164949703065E-4 8.180826566476791E-4 0.0037571203490486 
2.4239486122894195E-4 5.150890801115017E-4 0.003908617137316689 
4.5449036480426616E-4 6.96885226033208E-4 0.005059992728154163 
3.332929341897952E-4 4.847897224578839E-4 0.005817476669494607 
3.635922918434129E-4 5.756877954187371E-4 0.00442370621742819 
3.332929341897952E-4 4.5449036480426616E-4 0.003514725487819658 
2.4239486122894195E-4 4.2419100715064843E-4 0.002575445400557508 
3.635922918434129E-4 6.665858683795904E-4 0.002363349896982184 
4.5449036480426616E-4 4.847897224578839E-4 0.0019694582474851534 
3.332929341897952E-4 4.5449036480426616E-4 0.0019088595321779178 
4.847897224578839E-4 4.847897224578839E-4 0.0017270633862562113 
4.847897224578839E-4 4.5449036480426616E-4 0.001666464670948976 
5.756877954187371E-4 3.9389164949703065E-4 0.001393770452066416 
2.1209550357532422E-4 7.271845836868258E-4 0.0012422736637983274 
5.453884377651194E-4 6.665858683795904E-4 0.001181674948491092 
3.9389164949703065E-4 5.453884377651194E-4 0.001302872379105563 
4.5449036480426616E-4 4.5449036480426616E-4 0.0015149678826808872 
6.059871530723549E-4 6.362865107259726E-4 0.0010907768755302387 
4.847897224578839E-4 3.9389164949703065E-4 0.0010907768755302387 
3.9389164949703065E-4 5.150890801115017E-4 0.0014846685250272695 
5.150890801115017E-4 6.059871530723549E-4 0.0014846685250272695 
4.2419100715064843E-4 5.150890801115017E-4 0.001181674948491092 
6.362865107259726E-4 3.635922918434129E-4 0.001302872379105563 
3.635922918434129E-4 5.453884377651194E-4 0.0012725730214519452 
3.9389164949703065E-4 5.453884377651194E-4 0.0014240698097200339 
6.96885226033208E-4 4.847897224578839E-4 0.0012725730214519452 
4.2419100715064843E-4 7.271845836868258E-4 0.0011513755908374743 
6.362865107259726E-4 6.059871530723549E-4 8.483820143012969E-4 
9.695794449157678E-4 6.059871530723549E-4 0.0012119743061447098 
6.665858683795904E-4 4.847897224578839E-4 0.0015149678826808872 
7.574839413404436E-4 6.362865107259726E-4 0.0015755665979881226 
5.756877954187371E-4 3.9389164949703065E-4 0.0013634710944127985 
6.96885226033208E-4 8.483820143012969E-4 0.0011513755908374743 
6.96885226033208E-4 5.453884377651194E-4 0.0012119743061447098 
7.574839413404436E-4 6.059871530723549E-4 0.0016361653132953582 
8.786813719549145E-4 6.96885226033208E-4 0.0014240698097200339 
7.271845836868258E-4 7.877832989940613E-4 0.0012725730214519452 
7.877832989940613E-4 6.96885226033208E-4 0.0012422736637983274 
6.96885226033208E-4 5.453884377651194E-4 0.0012725730214519452 
4.2419100715064843E-4 6.059871530723549E-4 7.271845836868258E-4 
8.483820143012969E-4 9.089807296085323E-4 6.362865107259726E-4 
7.877832989940613E-4 8.786813719549145E-4 0.0010907768755302387 
8.180826566476791E-4 6.059871530723549E-4 3.9389164949703065E-4 
7.574839413404436E-4 5.150890801115017E-4 5.756877954187371E-4 
6.96885226033208E-4 6.96885226033208E-4 3.332929341897952E-4 
8.483820143012969E-4 5.453884377651194E-4 6.362865107259726E-4 
5.150890801115017E-4 4.2419100715064843E-4 3.0299357653617746E-4 
3.9389164949703065E-4 5.756877954187371E-4 6.362865107259726E-4 
6.96885226033208E-4 3.0299357653617746E-4 5.453884377651194E-4 
3.9389164949703065E-4 5.756877954187371E-4 4.847897224578839E-4 
4.5449036480426616E-4 4.847897224578839E-4 3.635922918434129E-4 
5.150890801115017E-4 5.453884377651194E-4 4.2419100715064843E-4 
5.453884377651194E-4 4.5449036480426616E-4 3.0299357653617746E-4 
2.4239486122894195E-4 4.5449036480426616E-4 3.635922918434129E-4 
4.5449036480426616E-4 3.332929341897952E-4 9.089807296085323E-5 
2.726942188825597E-4 2.726942188825597E-4 1.5149678826808873E-4 
3.635922918434129E-4 1.8179614592170646E-4 2.726942188825597E-4 
3.9389164949703065E-4 3.0299357653617746E-4 2.4239486122894195E-4 
2.1209550357532422E-4 3.332929341897952E-4 3.635922918434129E-4 
2.1209550357532422E-4 2.4239486122894195E-4 3.0299357653617746E-4 
2.726942188825597E-4 2.1209550357532422E-4 1.2119743061447097E-4 
1.5149678826808873E-4 1.5149678826808873E-4 9.089807296085323E-5 
4.2419100715064843E-4 1.2119743061447097E-4 6.0598715307235486E-5 
1.5149678826808873E-4 3.0299357653617743E-5 3.0299357653617743E-5 
3.332929341897952E-4 6.0598715307235486E-5 1.2119743061447097E-4 
1.2119743061447097E-4 6.0598715307235486E-5 3.0299357653617743E-5 
3.0299357653617743E-5 9.089807296085323E-5 6.0598715307235486E-5 
1.5149678826808873E-4 6.0598715307235486E-5 6.0598715307235486E-5 
2.4239486122894195E-4 0.0 9.089807296085323E-5 
1.2119743061447097E-4 3.0299357653617743E-5 3.0299357653617743E-5 
3.635922918434129E-4 0.0 9.089807296085323E-5 
