0.03105684159495819 0.07835413889225548 0.04105562962065204 
0.010241182886922797 0.026360441158647437 0.008756514361895527 
0.010907768755302388 0.025451460429038904 0.014119500666585868 
0.014664889104350988 0.029178281420433886 0.0131499212216701 
0.017331232577869348 0.029602472427584535 0.01717973578960126 
0.014392194885468428 0.031087140952611805 0.016573748636528905 
0.011847048842564538 0.027966307114289178 0.015240576899769724 
0.011937946915525391 0.023966791904011634 0.016028360198763785 
0.010998666828263242 0.020906556780996243 0.014907283965579929 
0.008605017573627438 0.018270512665131498 0.014846685250272695 
0.00845352078535935 0.017906920373288088 0.014058901951278633 
0.0075748394134044356 0.016058659556417405 0.013513513513513514 
0.0071506484062537875 0.012392437280329656 0.013180220579323719 
0.007029450975639316 0.011937946915525391 0.01275602957217307 
0.00630226639195249 0.012392437280329656 0.01478608653496546 
0.005878075384801842 0.010392679675190886 0.01608895891407102 
0.0061204702460307845 0.010513877105805357 0.014695188462004606 
0.006453763180220579 0.00978669252211853 0.013240819294630954 
0.004666101078657133 0.00978669252211853 0.013513513513513514 
0.006090170888377167 0.008423221427705732 0.012180341776754334 
0.0056356805235729 0.008362622712398498 0.011877348200218156 
0.0056356805235729 0.00805962913586232 0.011119864258877711 
0.005332686947036723 0.007635438128711671 0.01060477517876621 
0.0048175978669252216 0.008271724639437645 0.010998666828263242 
0.004878196582232456 0.007877832989940613 0.010695673251727064 
0.00442370621742819 0.00684765482971761 0.010119985456308326 
0.004847897224578839 0.006877954187371227 0.010119985456308326 
0.004060113925584778 0.006726457399103139 0.010816870682341535 
0.0051205914434613985 0.006090170888377167 0.011059265543570476 
0.004847897224578839 0.007332444552175494 0.011725851411950067 
0.005332686947036723 0.006150769603684402 0.010150284813961944 
0.004938795297539692 0.0069991516179856985 0.010847170039995153 
0.004666101078657133 0.007180947763907405 0.010998666828263242 
0.004241910071506484 0.007483941340443582 0.010635074536419828 
0.004605502363349897 0.00657496061083505 0.010180584171615562 
0.004241910071506484 0.006181068961338019 0.01060477517876621 
0.005090292085807781 0.005999272815416313 0.010089686098654708 
0.00469640043631075 0.005787177311840989 0.009816991879772148 
0.004756999151617986 0.00524178887407587 0.010544176463458975 
0.005211489516422252 0.006484062537874197 0.008665616288934674 
0.004878196582232456 0.004878196582232456 0.00899890922312447 
0.004211610713852866 0.00524178887407587 0.01033208095988365 
0.00496909465519331 0.005332686947036723 0.008241425281784027 
0.0045449036480426615 0.0052720882317294875 0.007696036844018907 
0.004787298509271604 0.004938795297539692 0.008089928493515938 
0.004878196582232456 0.0052720882317294875 0.008180826566476791 
0.004938795297539692 0.005181190158768634 0.006726457399103139 
0.004484304932735426 0.00524178887407587 0.007059750333292934 
0.0045449036480426615 0.004847897224578839 0.005726578596533753 
0.004393406859774573 0.005423585019997576 0.006241667676645255 
0.005302387589383105 0.004484304932735426 0.006453763180220579 
0.005150890801115016 0.00524178887407587 0.006665858683795904 
0.003938916494970307 0.0048175978669252216 0.006271967034298873 
0.0042722094291601015 0.004120712640892013 0.00590837474245546 
0.004726699793964368 0.004999394012846927 0.0056356805235729 
0.004605502363349897 0.00469640043631075 0.004938795297539692 
0.004635801721003515 0.004393406859774573 0.005150890801115016 
0.004999394012846927 0.0048175978669252216 0.005968973457762696 
0.004575203005696279 0.004878196582232456 0.00496909465519331 
0.004666101078657133 0.005150890801115016 0.005484183735304812 
0.004726699793964368 0.004756999151617986 0.005059992728154163 
0.004605502363349897 0.005150890801115016 0.005393285662343959 
0.0045449036480426615 0.004938795297539692 0.005514483092958429 
0.0042722094291601015 0.004605502363349897 0.005059992728154163 
0.004151011998545631 0.004605502363349897 0.004454005575081808 
0.004060113925584778 0.005090292085807781 0.005059992728154163 
0.0045449036480426615 0.004999394012846927 0.004847897224578839 
0.003999515210277542 0.003878317779663071 0.004484304932735426 
0.003938916494970307 0.0038480184220094533 0.004151011998545631 
0.004514604290389044 0.00469640043631075 0.004787298509271604 
0.00469640043631075 0.004575203005696279 0.004120712640892013 
0.004090413283238396 0.0042722094291601015 0.004393406859774573 
0.004090413283238396 0.004181311356199249 0.0045449036480426615 
0.004363107502120955 0.004575203005696279 0.004120712640892013 
0.004060113925584778 0.004787298509271604 0.004756999151617986 
0.003878317779663071 0.004060113925584778 0.0034541267725124226 
0.0037874197067022178 0.004090413283238396 0.003726820991394982 
0.0048175978669252216 0.004484304932735426 0.003666222276087747 
0.004575203005696279 0.0037874197067022178 0.003545024845473276 
0.0038177190643558356 0.003726820991394982 0.0033935280572051875 
0.004878196582232456 0.0042722094291601015 0.003666222276087747 
0.004575203005696279 0.004090413283238396 0.003908617137316689 
0.0038177190643558356 0.00442370621742819 0.002939037692400921 
0.0038177190643558356 0.004393406859774573 0.0032117319112834808 
0.004878196582232456 0.0037874197067022178 0.00281784026178645 
0.004484304932735426 0.004090413283238396 0.0031208338383226274 
0.004151011998545631 0.004484304932735426 0.0034541267725124226 
0.004393406859774573 0.004090413283238396 0.002969337050054539 
0.0051205914434613985 0.0045449036480426615 0.0036056235607805115 
0.0051205914434613985 0.005211489516422252 0.0031208338383226274 
0.005150890801115016 0.004938795297539692 0.0036056235607805115 
0.004938795297539692 0.00496909465519331 0.003151133195976245 
0.003938916494970307 0.004878196582232456 0.0029996364077081567 
0.005211489516422252 0.005029693370500545 0.0033935280572051875 
0.004847897224578839 0.004756999151617986 0.0028784389770936856 
0.0051205914434613985 0.004666101078657133 0.003302629984244334 
0.004484304932735426 0.005332686947036723 0.002939037692400921 
0.0056962792388801356 0.005302387589383105 0.003181432553629863 
0.00496909465519331 0.005453884377651194 0.0035753242031268937 
0.0051205914434613985 0.005029693370500545 0.003726820991394982 
0.004726699793964368 0.006029572173069931 0.003423827414858805 
0.004756999151617986 0.006211368318991637 0.003908617137316689 
0.005150890801115016 0.0058477760271482245 0.0034541267725124226 
0.006393164464913344 0.004666101078657133 0.0034844261301660404 
0.0045449036480426615 0.004332808144467337 0.004332808144467337 
0.005362986304690341 0.003878317779663071 0.004120712640892013 
0.0052720882317294875 0.0037874197067022178 0.00402981456793116 
0.004878196582232456 0.0037874197067022178 0.004241910071506484 
0.004726699793964368 0.003666222276087747 0.003878317779663071 
0.004363107502120955 0.0027572415464792144 0.003999515210277542 
0.0042722094291601015 0.003181432553629863 0.0035753242031268937 
0.0034844261301660404 0.0026966428311719793 0.004454005575081808 
0.003878317779663071 0.002393649254635802 0.004514604290389044 
0.0033935280572051875 0.002242152466367713 0.004393406859774573 
0.0036359229184341293 0.0026360441158647437 0.004302508786813719 
0.0034541267725124226 0.0021512543934068596 0.005514483092958429 
0.0034844261301660404 0.001757362743909829 0.004575203005696279 
0.0027572415464792144 0.0023330505393285663 0.004756999151617986 
0.0033632286995515697 0.002211853108714095 0.004484304932735426 
0.0032117319112834808 0.0018482608168706824 0.0045449036480426615 
0.0028784389770936856 0.0016058659556417404 0.0035753242031268937 
0.0028481396194400678 0.0018482608168706824 0.0037571203490486 
0.002969337050054539 0.001757362743909829 0.0033632286995515697 
0.002726942188825597 0.0015452672403345048 0.002454247969943037 
0.0025451460429038904 0.001757362743909829 0.002575445400557508 
0.002605744758211126 0.001666464670948976 0.002242152466367713 
0.0031208338383226274 0.0016967640286025937 0.0023330505393285663 
0.0028784389770936856 0.0012119743061447098 0.0021815537510604774 
0.0021512543934068596 0.0015149678826808872 0.001757362743909829 
0.0026360441158647437 0.0010301781602230034 0.0019088595321779178 
0.002575445400557508 0.0018482608168706824 0.0014543691673736517 
0.002454247969943037 0.0012119743061447098 0.0016967640286025937 
0.0031208338383226274 0.001181674948491092 0.0013634710944127985 
0.0029087383347473033 0.0017270633862562113 0.0012422736637983274 
0.0026663434735183615 0.0017270633862562113 0.0014543691673736517 
0.0032117319112834808 0.0014240698097200339 9.998788025693856E-4 
0.00281784026178645 0.0013634710944127985 0.0016058659556417404 
0.0036359229184341293 0.0012422736637983274 0.001999757605138771 
0.0030905344806690096 0.0012119743061447098 0.0012119743061447098 
0.0026966428311719793 9.695794449157678E-4 0.001757362743909829 
0.003423827414858805 9.3928008726215E-4 0.001393770452066416 
0.0028784389770936856 0.0013331717367591808 0.0015452672403345048 
0.0038177190643558356 0.0011513755908374743 0.0011513755908374743 
0.0034844261301660404 6.665858683795904E-4 0.0011513755908374743 
0.0033632286995515697 9.3928008726215E-4 0.0013634710944127985 
0.004151011998545631 9.695794449157678E-4 0.0011513755908374743 
0.0037874197067022178 8.483820143012969E-4 9.3928008726215E-4 
0.003999515210277542 8.483820143012969E-4 9.695794449157678E-4 
0.004151011998545631 7.574839413404436E-4 9.695794449157678E-4 
0.0034541267725124226 8.483820143012969E-4 0.0011210762331838565 
0.004363107502120955 6.059871530723549E-4 0.0011513755908374743 
0.004181311356199249 6.96885226033208E-4 8.786813719549145E-4 
0.004908495939886074 6.665858683795904E-4 0.0011210762331838565 
0.0052720882317294875 4.2419100715064843E-4 0.0011210762331838565 
0.004756999151617986 9.089807296085323E-4 9.3928008726215E-4 
0.004787298509271604 6.96885226033208E-4 8.786813719549145E-4 
0.005181190158768634 6.665858683795904E-4 0.0011513755908374743 
0.005059992728154163 7.271845836868258E-4 8.180826566476791E-4 
0.005999272815416313 8.180826566476791E-4 8.180826566476791E-4 
0.005059992728154163 5.453884377651194E-4 0.0010301781602230034 
0.005029693370500545 6.665858683795904E-4 7.271845836868258E-4 
0.0052720882317294875 5.756877954187371E-4 9.998788025693856E-4 
0.004787298509271604 7.271845836868258E-4 8.180826566476791E-4 
0.005362986304690341 7.574839413404436E-4 9.089807296085323E-4 
0.0039692158526239245 5.756877954187371E-4 8.180826566476791E-4 
0.00402981456793116 6.96885226033208E-4 7.271845836868258E-4 
0.003696521633741365 5.756877954187371E-4 5.453884377651194E-4 
0.0038480184220094533 8.483820143012969E-4 6.96885226033208E-4 
0.0039692158526239245 6.362865107259726E-4 6.362865107259726E-4 
0.0037874197067022178 3.635922918434129E-4 4.847897224578839E-4 
0.003908617137316689 6.96885226033208E-4 4.5449036480426616E-4 
0.0032723306265907163 4.2419100715064843E-4 6.96885226033208E-4 
0.0027572415464792144 6.059871530723549E-4 4.847897224578839E-4 
0.0033632286995515697 4.847897224578839E-4 3.9389164949703065E-4 
0.0030905344806690096 6.059871530723549E-4 6.059871530723549E-4 
0.002939037692400921 4.5449036480426616E-4 5.150890801115017E-4 
0.0032420312689370985 3.9389164949703065E-4 3.9389164949703065E-4 
0.0034541267725124226 4.2419100715064843E-4 6.059871530723549E-4 
0.002969337050054539 5.756877954187371E-4 4.5449036480426616E-4 
0.0030905344806690096 3.0299357653617746E-4 6.362865107259726E-4 
0.00281784026178645 3.635922918434129E-4 5.150890801115017E-4 
0.00281784026178645 7.877832989940613E-4 5.150890801115017E-4 
0.003181432553629863 4.847897224578839E-4 6.059871530723549E-4 
0.002726942188825597 3.9389164949703065E-4 6.059871530723549E-4 
0.00281784026178645 4.2419100715064843E-4 5.756877954187371E-4 
0.002605744758211126 4.847897224578839E-4 7.877832989940613E-4 
0.003302629984244334 3.332929341897952E-4 5.453884377651194E-4 
0.0029996364077081567 3.332929341897952E-4 6.059871530723549E-4 
0.002726942188825597 4.2419100715064843E-4 7.271845836868258E-4 
0.0029087383347473033 4.5449036480426616E-4 7.574839413404436E-4 
0.0025148466852502726 4.2419100715064843E-4 8.180826566476791E-4 
0.0032723306265907163 3.0299357653617746E-4 5.756877954187371E-4 
0.0026360441158647437 3.9389164949703065E-4 4.5449036480426616E-4 
0.002787540904132832 3.9389164949703065E-4 6.059871530723549E-4 
0.0028481396194400678 2.4239486122894195E-4 6.059871530723549E-4 
0.002393649254635802 4.5449036480426616E-4 5.150890801115017E-4 
0.0026966428311719793 5.150890801115017E-4 7.877832989940613E-4 
0.0035753242031268937 6.059871530723549E-4 5.756877954187371E-4 
0.0030602351230153923 3.332929341897952E-4 6.362865107259726E-4 
0.0029996364077081567 3.332929341897952E-4 3.9389164949703065E-4 
0.002726942188825597 5.756877954187371E-4 4.847897224578839E-4 
0.0030905344806690096 3.0299357653617746E-4 4.5449036480426616E-4 
0.003696521633741365 2.726942188825597E-4 3.332929341897952E-4 
0.0029996364077081567 4.5449036480426616E-4 3.332929341897952E-4 
0.0032117319112834808 5.453884377651194E-4 3.9389164949703065E-4 
0.003332929341897952 2.4239486122894195E-4 6.665858683795904E-4 
0.002484547327596655 4.5449036480426616E-4 6.96885226033208E-4 
0.0022724518240213308 2.4239486122894195E-4 3.332929341897952E-4 
0.0026360441158647437 5.150890801115017E-4 3.0299357653617746E-4 
0.0023330505393285663 5.453884377651194E-4 4.5449036480426616E-4 
0.0015149678826808872 5.453884377651194E-4 5.150890801115017E-4 
0.0023027511816749485 4.2419100715064843E-4 6.059871530723549E-4 
0.0018785601745243 3.9389164949703065E-4 4.5449036480426616E-4 
0.0014846685250272695 3.635922918434129E-4 3.635922918434129E-4 
0.0013634710944127985 3.0299357653617746E-4 3.635922918434129E-4 
0.0015149678826808872 3.635922918434129E-4 5.756877954187371E-4 
0.0014846685250272695 6.362865107259726E-4 3.0299357653617746E-4 
0.0012119743061447098 6.059871530723549E-4 4.2419100715064843E-4 
0.0012422736637983274 3.635922918434129E-4 5.150890801115017E-4 
9.695794449157678E-4 3.0299357653617746E-4 6.059871530723549E-4 
0.0010907768755302387 5.453884377651194E-4 3.9389164949703065E-4 
4.847897224578839E-4 4.5449036480426616E-4 5.453884377651194E-4 
6.96885226033208E-4 3.332929341897952E-4 4.5449036480426616E-4 
8.180826566476791E-4 4.5449036480426616E-4 3.635922918434129E-4 
6.362865107259726E-4 2.1209550357532422E-4 3.332929341897952E-4 
7.271845836868258E-4 3.9389164949703065E-4 6.665858683795904E-4 
6.665858683795904E-4 2.1209550357532422E-4 4.5449036480426616E-4 
6.665858683795904E-4 2.726942188825597E-4 3.0299357653617746E-4 
4.5449036480426616E-4 2.4239486122894195E-4 5.453884377651194E-4 
7.271845836868258E-4 2.726942188825597E-4 4.5449036480426616E-4 
4.5449036480426616E-4 3.332929341897952E-4 2.726942188825597E-4 
6.96885226033208E-4 2.4239486122894195E-4 4.5449036480426616E-4 
3.9389164949703065E-4 3.635922918434129E-4 4.2419100715064843E-4 
5.453884377651194E-4 2.1209550357532422E-4 4.847897224578839E-4 
1.8179614592170646E-4 1.8179614592170646E-4 3.332929341897952E-4 
5.150890801115017E-4 1.5149678826808873E-4 2.1209550357532422E-4 
2.1209550357532422E-4 1.5149678826808873E-4 1.5149678826808873E-4 
3.9389164949703065E-4 2.1209550357532422E-4 2.4239486122894195E-4 
4.2419100715064843E-4 1.8179614592170646E-4 1.5149678826808873E-4 
3.332929341897952E-4 1.5149678826808873E-4 2.1209550357532422E-4 
2.4239486122894195E-4 1.5149678826808873E-4 1.8179614592170646E-4 
4.847897224578839E-4 9.089807296085323E-5 6.0598715307235486E-5 
1.2119743061447097E-4 1.2119743061447097E-4 2.1209550357532422E-4 
3.332929341897952E-4 1.2119743061447097E-4 1.8179614592170646E-4 
3.9389164949703065E-4 9.089807296085323E-5 1.5149678826808873E-4 
3.0299357653617746E-4 3.0299357653617743E-5 9.089807296085323E-5 
2.726942188825597E-4 6.0598715307235486E-5 1.2119743061447097E-4 
2.1209550357532422E-4 6.0598715307235486E-5 1.2119743061447097E-4 
2.1209550357532422E-4 6.0598715307235486E-5 6.0598715307235486E-5 
3.0299357653617743E-5 0.0 3.0299357653617743E-5 
0.0 3.0299357653617743E-5 3.0299357653617743E-5 
1.5149678826808873E-4 3.0299357653617743E-5 3.0299357653617743E-5 
1.8179614592170646E-4 0.0 0.0 
9.089807296085323E-5 0.0 2.1209550357532422E-4 
3.635922918434129E-4 3.0299357653617743E-5 0.0 
0.0016361653132953582 2.1209550357532422E-4 9.089807296085323E-5 
