0.04175251484668525 0.0805962913586232 0.036662222760877466 
0.011453157193067507 0.022906314386135013 0.008544418858320203 
0.008241425281784027 0.0201490728396558 0.010998666828263242 
0.0093928008726215 0.021421645861107744 0.00805962913586232 
0.008120227851169556 0.018603805599321295 0.011392558477760271 
0.006756756756756757 0.01624045570233911 0.012119743061447098 
0.007999030420555085 0.015331474972730578 0.0093928008726215 
0.007241546479214641 0.01584656405284208 0.012453035995636892 
0.007059750333292934 0.014483092958429282 0.010725972609380682 
0.006181068961338019 0.013392316082899043 0.01233183856502242 
0.006271967034298873 0.013210519936977336 0.011756150769603685 
0.005211489516422252 0.011241061689492182 0.01087746939764877 
0.00524178887407587 0.011028966185916858 0.012271239849715187 
0.005514483092958429 0.010665373894073446 0.010907768755302388 
0.005029693370500545 0.009301902799660648 0.01005938674100109 
0.0052720882317294875 0.010816870682341535 0.009453399587928736 
0.004847897224578839 0.009332202157314265 0.011028966185916858 
0.004211610713852866 0.008695915646588292 0.009241304084353412 
0.0042722094291601015 0.00805962913586232 0.010362380317537268 
0.003938916494970307 0.008362622712398498 0.009847291237425766 
0.003908617137316689 0.008362622712398498 0.009513998303235972 
0.0037571203490486 0.008089928493515938 0.008605017573627438 
0.003878317779663071 0.0075748394134044356 0.008211125924130409 
0.003302629984244334 0.006484062537874197 0.008908011150163616 
0.0036359229184341293 0.00657496061083505 0.008362622712398498 
0.0032117319112834808 0.005726578596533753 0.00712034904860017 
0.003332929341897952 0.005938674100109078 0.007605138771058053 
0.0028784389770936856 0.00590837474245546 0.0075142406980972 
0.0028481396194400678 0.005605381165919282 0.007635438128711671 
0.0032117319112834808 0.004908495939886074 0.007605138771058053 
0.0034541267725124226 0.004393406859774573 0.0077263362016725245 
0.002454247969943037 0.004060113925584778 0.0075748394134044356 
0.002575445400557508 0.004635801721003515 0.007908132347594231 
0.0028481396194400678 0.005059992728154163 0.007696036844018907 
0.00281784026178645 0.004090413283238396 0.00712034904860017 
0.00281784026178645 0.004060113925584778 0.00684765482971761 
0.0025148466852502726 0.003514725487819658 0.006271967034298873 
0.002454247969943037 0.0036359229184341293 0.006726457399103139 
0.0025148466852502726 0.003514725487819658 0.00590837474245546 
0.002787540904132832 0.0036359229184341293 0.006544661253181433 
0.0026663434735183615 0.0036056235607805115 0.005181190158768634 
0.0023027511816749485 0.003423827414858805 0.00496909465519331 
0.0032723306265907163 0.002969337050054539 0.00469640043631075 
0.0015755665979881226 0.0036359229184341293 0.004302508786813719 
0.002363349896982184 0.0033935280572051875 0.005393285662343959 
0.0026966428311719793 0.0030905344806690096 0.004484304932735426 
0.0025451460429038904 0.0030905344806690096 0.004484304932735426 
0.0021512543934068596 0.00281784026178645 0.0036359229184341293 
0.0022724518240213308 0.0028784389770936856 0.003938916494970307 
0.0025148466852502726 0.002726942188825597 0.0033632286995515697 
0.0020906556780996245 0.002939037692400921 0.0026360441158647437 
0.0017270633862562113 0.003332929341897952 0.0030602351230153923 
0.001999757605138771 0.0026966428311719793 0.0026663434735183615 
0.002393649254635802 0.0032117319112834808 0.0026663434735183615 
0.0019391588898315356 0.0024239486122894197 0.002787540904132832 
0.002393649254635802 0.002454247969943037 0.002726942188825597 
0.002211853108714095 0.0025148466852502726 0.0030602351230153923 
0.002605744758211126 0.002393649254635802 0.0032117319112834808 
0.002030056962792389 0.0020603563204460067 0.002969337050054539 
0.002393649254635802 0.0021512543934068596 0.0026966428311719793 
0.0019088595321779178 0.0018785601745243 0.003332929341897952 
0.002120955035753242 0.002393649254635802 0.0025148466852502726 
0.0018785601745243 0.0025451460429038904 0.002969337050054539 
0.0018482608168706824 0.0019088595321779178 0.002969337050054539 
0.0023027511816749485 0.002242152466367713 0.0028784389770936856 
0.0018482608168706824 0.0028784389770936856 0.002969337050054539 
0.0019088595321779178 0.002211853108714095 0.003545024845473276 
0.002030056962792389 0.0017876621015634469 0.0023330505393285663 
0.0026360441158647437 0.0022724518240213308 0.002484547327596655 
0.002120955035753242 0.0021512543934068596 0.002363349896982184 
0.0017270633862562113 0.0018785601745243 0.0032420312689370985 
0.002242152466367713 0.0019694582474851534 0.0028784389770936856 
0.002363349896982184 0.0016058659556417404 0.0024239486122894197 
0.0019088595321779178 0.0018785601745243 0.002363349896982184 
0.0022724518240213308 0.0019694582474851534 0.0029087383347473033 
0.0021815537510604774 0.0017876621015634469 0.0029087383347473033 
0.0017876621015634469 0.0016361653132953582 0.0026360441158647437 
0.0022724518240213308 0.0014846685250272695 0.00281784026178645 
0.0019391588898315356 0.0016058659556417404 0.0025148466852502726 
0.001999757605138771 0.002030056962792389 0.0025148466852502726 
0.002211853108714095 0.0015149678826808872 0.0030299357653617745 
0.0018785601745243 0.0019391588898315356 0.0028481396194400678 
0.0018785601745243 0.0017270633862562113 0.002393649254635802 
0.002575445400557508 0.0015755665979881226 0.002454247969943037 
0.0019088595321779178 0.0014543691673736517 0.002484547327596655 
0.0020603563204460067 0.0016058659556417404 0.002030056962792389 
0.0018785601745243 0.001393770452066416 0.0018785601745243 
0.0014846685250272695 0.002030056962792389 0.0019694582474851534 
0.002120955035753242 0.0015149678826808872 0.002363349896982184 
0.002030056962792389 0.0018482608168706824 0.002120955035753242 
0.0018482608168706824 0.0019391588898315356 0.0018785601745243 
0.0019088595321779178 0.0015755665979881226 0.0021815537510604774 
0.0019391588898315356 0.001757362743909829 0.001666464670948976 
0.0021512543934068596 0.0014240698097200339 0.0015149678826808872 
0.0015149678826808872 0.0012422736637983274 0.0019088595321779178 
0.002242152466367713 0.0019694582474851534 0.0016967640286025937 
0.0018785601745243 0.001302872379105563 0.0019088595321779178 
0.0023027511816749485 0.001181674948491092 0.0015452672403345048 
0.0015452672403345048 0.0015452672403345048 0.0015149678826808872 
0.0019088595321779178 0.0010301781602230034 0.0016058659556417404 
0.0019694582474851534 0.0018785601745243 0.0015452672403345048 
0.0019391588898315356 0.001302872379105563 0.0014543691673736517 
0.002393649254635802 0.0014240698097200339 0.0014240698097200339 
0.002211853108714095 0.0015149678826808872 0.0014240698097200339 
0.0025148466852502726 0.0019088595321779178 0.001666464670948976 
0.001757362743909829 0.001393770452066416 0.0018785601745243 
0.0021815537510604774 0.0014240698097200339 0.0015149678826808872 
0.002454247969943037 9.089807296085323E-4 0.0015149678826808872 
0.0023027511816749485 0.0013331717367591808 0.0013634710944127985 
0.0022724518240213308 0.0012725730214519452 0.001666464670948976 
0.0024239486122894197 0.001181674948491092 0.0010907768755302387 
0.0026663434735183615 0.0016058659556417404 0.0017270633862562113 
0.0022724518240213308 0.0013331717367591808 0.001393770452066416 
0.0019088595321779178 0.0014846685250272695 0.001757362743909829 
0.0023027511816749485 0.0012422736637983274 0.0015452672403345048 
0.00281784026178645 0.001666464670948976 0.001302872379105563 
0.0027572415464792144 0.0014543691673736517 0.0017270633862562113 
0.002939037692400921 0.0015149678826808872 0.0016058659556417404 
0.0019694582474851534 0.0014543691673736517 0.0015755665979881226 
0.0032117319112834808 0.001393770452066416 0.001393770452066416 
0.002484547327596655 0.0014240698097200339 9.695794449157678E-4 
0.00281784026178645 0.0014543691673736517 0.0014543691673736517 
0.0030299357653617745 0.0014846685250272695 0.001666464670948976 
0.0030299357653617745 0.0012725730214519452 0.0016058659556417404 
0.003908617137316689 0.0015149678826808872 0.001757362743909829 
0.0038480184220094533 0.0014240698097200339 0.0017876621015634469 
0.0042722094291601015 0.0016361653132953582 0.0020906556780996245 
0.00442370621742819 0.0014846685250272695 0.0016967640286025937 
0.005059992728154163 0.0019088595321779178 0.0019088595321779178 
0.005181190158768634 0.0018785601745243 0.0017270633862562113 
0.0056356805235729 0.002211853108714095 0.001757362743909829 
0.006090170888377167 0.0026360441158647437 0.002120955035753242 
0.006968852260332081 0.003696521633741365 0.0018179614592170646 
0.007059750333292934 0.0045449036480426615 0.001999757605138771 
0.006211368318991637 0.0048175978669252216 0.0019391588898315356 
0.006514361895527815 0.005453884377651194 0.0019391588898315356 
0.006059871530723549 0.006150769603684402 0.0019391588898315356 
0.005332686947036723 0.006756756756756757 0.002605744758211126 
0.005029693370500545 0.0056962792388801356 0.002120955035753242 
0.00496909465519331 0.0051205914434613985 0.0026360441158647437 
0.003878317779663071 0.00496909465519331 0.0026966428311719793 
0.004756999151617986 0.0033632286995515697 0.0028481396194400678 
0.004060113925584778 0.0039692158526239245 0.0030299357653617745 
0.0035753242031268937 0.0028481396194400678 0.0029996364077081567 
0.0038480184220094533 0.0030299357653617745 0.003181432553629863 
0.004090413283238396 0.0023027511816749485 0.0039692158526239245 
0.0038480184220094533 0.0020603563204460067 0.0038480184220094533 
0.004090413283238396 0.002454247969943037 0.004847897224578839 
0.0036359229184341293 0.002605744758211126 0.005665979881226518 
0.003878317779663071 0.0018179614592170646 0.007059750333292934 
0.003878317779663071 0.001757362743909829 0.006241667676645255 
0.004575203005696279 0.0018785601745243 0.007211247121561023 
0.004454005575081808 0.0019391588898315356 0.007180947763907405 
0.005453884377651194 0.0013634710944127985 0.0056356805235729 
0.004363107502120955 0.002030056962792389 0.005362986304690341 
0.0048175978669252216 0.0016058659556417404 0.004605502363349897 
0.005181190158768634 0.0016361653132953582 0.004151011998545631 
0.005150890801115016 0.0016967640286025937 0.003545024845473276 
0.004181311356199249 0.0015452672403345048 0.0029996364077081567 
0.005181190158768634 9.695794449157678E-4 0.0023027511816749485 
0.004999394012846927 0.0014543691673736517 0.0030905344806690096 
0.004605502363349897 0.0014846685250272695 0.002605744758211126 
0.00469640043631075 0.0016361653132953582 0.0025148466852502726 
0.004938795297539692 0.0012422736637983274 0.0018179614592170646 
0.005665979881226518 0.001302872379105563 0.0019694582474851534 
0.006665858683795904 0.0015452672403345048 0.0019088595321779178 
0.006877954187371227 0.0014543691673736517 0.002030056962792389 
0.008150527208823173 0.0017876621015634469 0.0017876621015634469 
0.007877832989940613 0.002030056962792389 0.0018482608168706824 
0.00778693491697976 0.001999757605138771 0.001666464670948976 
0.00884741243485638 0.001999757605138771 0.0017270633862562113 
0.007756635559326142 0.0017876621015634469 0.001393770452066416 
0.009574597018543208 0.0016361653132953582 0.0014846685250272695 
0.009301902799660648 0.0020603563204460067 0.0013331717367591808 
0.008483820143012967 0.002242152466367713 0.0011210762331838565 
0.00845352078535935 0.0018785601745243 0.001060477517876621 
0.007877832989940613 0.0018785601745243 0.0010301781602230034 
0.008756514361895527 0.0018179614592170646 9.695794449157678E-4 
0.007605138771058053 0.0018179614592170646 0.0011210762331838565 
0.00845352078535935 0.002575445400557508 0.0015149678826808872 
0.007090049690946552 0.0023027511816749485 0.0013634710944127985 
0.007241546479214641 0.0020906556780996245 0.0015149678826808872 
0.0075748394134044356 0.0026663434735183615 9.089807296085323E-4 
0.008423221427705732 0.001999757605138771 0.0017876621015634469 
0.00954429766088959 0.002242152466367713 0.001393770452066416 
0.010725972609380682 0.0022724518240213308 0.001302872379105563 
0.011453157193067507 0.002605744758211126 0.0014543691673736517 
0.011998545630832627 0.0025451460429038904 0.0014240698097200339 
0.011907647557871773 0.003514725487819658 0.001393770452066416 
0.012240940492061569 0.003666222276087747 0.0012119743061447098 
0.01021088352926918 0.003302629984244334 0.0016058659556417404 
0.009089807296085323 0.0034541267725124226 0.0014543691673736517 
0.008514119500666585 0.003423827414858805 0.0011513755908374743 
0.00927160344200703 0.003908617137316689 0.0013331717367591808 
0.008665616288934674 0.00442370621742819 0.0015452672403345048 
0.007665737486365289 0.004666101078657133 0.0016058659556417404 
0.006029572173069931 0.0048175978669252216 0.0017270633862562113 
0.007453641982789964 0.006271967034298873 0.0015149678826808872 
0.005817476669494607 0.009089807296085323 0.0018482608168706824 
0.004999394012846927 0.0093928008726215 0.001302872379105563 
0.004908495939886074 0.011968246273179009 0.0019694582474851534 
0.0052720882317294875 0.0112713610471458 0.0015755665979881226 
0.004878196582232456 0.009604896376196825 0.002454247969943037 
0.004787298509271604 0.010301781602230033 0.0025148466852502726 
0.004181311356199249 0.013119621864016483 0.002939037692400921 
0.004241910071506484 0.014270997454853957 0.0038480184220094533 
0.003696521633741365 0.011877348200218156 0.004726699793964368 
0.003938916494970307 0.013846806447703308 0.0056962792388801356 
0.0032723306265907163 0.012695430856865834 0.007180947763907405 
0.0032420312689370985 0.009968488668040237 0.009150406011392559 
0.0032420312689370985 0.008817113077202763 0.010847170039995153 
0.002726942188825597 0.009241304084353412 0.014149800024239486 
0.002454247969943037 0.008302023997091262 0.01811901587686341 
0.0015452672403345048 0.006514361895527815 0.019815779905466003 
0.0019391588898315356 0.0042722094291601015 0.020815658708035388 
0.0017876621015634469 0.003514725487819658 0.01948248697127621 
0.0019694582474851534 0.0023027511816749485 0.017361531935522968 
0.002120955035753242 0.0016967640286025937 0.014149800024239486 
0.0015755665979881226 0.001302872379105563 0.011483456550721124 
0.001666464670948976 0.0010301781602230034 0.01060477517876621 
0.001757362743909829 7.877832989940613E-4 0.006332565749606108 
0.0015149678826808872 9.3928008726215E-4 0.00402981456793116 
0.0014846685250272695 7.271845836868258E-4 0.0027572415464792144 
0.001060477517876621 3.0299357653617746E-4 0.0012119743061447098 
9.998788025693856E-4 5.453884377651194E-4 0.001060477517876621 
9.089807296085323E-4 5.150890801115017E-4 6.362865107259726E-4 
0.0010907768755302387 4.2419100715064843E-4 4.2419100715064843E-4 
9.695794449157678E-4 4.2419100715064843E-4 5.756877954187371E-4 
9.089807296085323E-4 2.4239486122894195E-4 4.2419100715064843E-4 
0.0012119743061447098 1.5149678826808873E-4 4.847897224578839E-4 
5.756877954187371E-4 3.9389164949703065E-4 3.332929341897952E-4 
9.695794449157678E-4 2.4239486122894195E-4 4.5449036480426616E-4 
7.877832989940613E-4 2.4239486122894195E-4 3.0299357653617746E-4 
6.059871530723549E-4 1.8179614592170646E-4 1.8179614592170646E-4 
6.665858683795904E-4 1.8179614592170646E-4 3.0299357653617746E-4 
6.96885226033208E-4 2.726942188825597E-4 1.8179614592170646E-4 
7.574839413404436E-4 1.5149678826808873E-4 9.089807296085323E-5 
4.847897224578839E-4 1.5149678826808873E-4 2.726942188825597E-4 
7.877832989940613E-4 1.5149678826808873E-4 6.0598715307235486E-5 
3.635922918434129E-4 1.2119743061447097E-4 1.2119743061447097E-4 
6.362865107259726E-4 6.0598715307235486E-5 6.0598715307235486E-5 
6.059871530723549E-4 6.0598715307235486E-5 6.0598715307235486E-5 
5.453884377651194E-4 6.0598715307235486E-5 3.0299357653617743E-5 
3.0299357653617746E-4 3.0299357653617743E-5 3.0299357653617743E-5 
6.362865107259726E-4 6.0598715307235486E-5 1.5149678826808873E-4 
4.5449036480426616E-4 3.0299357653617743E-5 1.2119743061447097E-4 
5.756877954187371E-4 0.0 6.0598715307235486E-5 
3.9389164949703065E-4 6.0598715307235486E-5 0.0 
4.2419100715064843E-4 0.0 0.0 
5.756877954187371E-4 6.0598715307235486E-5 1.5149678826808873E-4 
4.2419100715064843E-4 3.0299357653617743E-5 0.0 
2.726942188825597E-4 0.0 1.5149678826808873E-4 
4.847897224578839E-4 3.0299357653617743E-5 3.0299357653617743E-5 
1.8179614592170646E-4 0.0 3.0299357653617743E-5 
4.2419100715064843E-4 3.0299357653617743E-5 3.0299357653617743E-5 
0.003696521633741365 6.0598715307235486E-5 2.4239486122894195E-4 
