0.022936613743788633 0.059962428796509516 0.031602230032723305 
0.0069991516179856985 0.014695188462004606 0.005999272815416313 
0.009362501514967883 0.016361653132953582 0.011483456550721124 
0.009816991879772148 0.017664525512059145 0.010089686098654708 
0.008908011150163616 0.01651314992122167 0.01033208095988365 
0.0069991516179856985 0.01408920130893225 0.00978669252211853 
0.0074233426251363475 0.011574354623681978 0.008544418858320203 
0.006059871530723549 0.012210641134407951 0.01048357774815174 
0.005938674100109078 0.01154405526602836 0.010544176463458975 
0.00657496061083505 0.010938068112956006 0.010180584171615562 
0.006393164464913344 0.010301781602230033 0.00978669252211853 
0.005878075384801842 0.010725972609380682 0.010271482244576415 
0.005544782450612047 0.008180826566476791 0.009332202157314265 
0.004938795297539692 0.008938310507817234 0.00845352078535935 
0.005302387589383105 0.007696036844018907 0.008544418858320203 
0.005029693370500545 0.0077263362016725245 0.009877590595079384 
0.004999394012846927 0.0077263362016725245 0.007877832989940613 
0.004847897224578839 0.007908132347594231 0.007665737486365289 
0.004635801721003515 0.007332444552175494 0.006877954187371227 
0.003999515210277542 0.006514361895527815 0.006938552902678463 
0.00402981456793116 0.007483941340443582 0.006029572173069931 
0.003878317779663071 0.0066961580414495216 0.006817355472063992 
0.003514725487819658 0.0056962792388801356 0.006150769603684402 
0.0034541267725124226 0.004605502363349897 0.006241667676645255 
0.0030602351230153923 0.0051205914434613985 0.006181068961338019 
0.0036056235607805115 0.00496909465519331 0.005181190158768634 
0.0036359229184341293 0.004454005575081808 0.005150890801115016 
0.003302629984244334 0.0056962792388801356 0.005211489516422252 
0.002939037692400921 0.004484304932735426 0.005029693370500545 
0.0026360441158647437 0.003908617137316689 0.004635801721003515 
0.002939037692400921 0.004605502363349897 0.005605381165919282 
0.0031208338383226274 0.003878317779663071 0.0056962792388801356 
0.0028481396194400678 0.0034844261301660404 0.0052720882317294875 
0.002120955035753242 0.003696521633741365 0.005181190158768634 
0.002605744758211126 0.003908617137316689 0.004999394012846927 
0.0030905344806690096 0.0037571203490486 0.004726699793964368 
0.0026663434735183615 0.003423827414858805 0.004241910071506484 
0.0026966428311719793 0.003302629984244334 0.004726699793964368 
0.0029996364077081567 0.003696521633741365 0.00469640043631075 
0.002454247969943037 0.004060113925584778 0.00442370621742819 
0.0026966428311719793 0.0038480184220094533 0.004332808144467337 
0.0026360441158647437 0.0036056235607805115 0.003666222276087747 
0.002726942188825597 0.002726942188825597 0.004241910071506484 
0.0021815537510604774 0.0035753242031268937 0.004211610713852866 
0.0026360441158647437 0.003514725487819658 0.0032723306265907163 
0.0026663434735183615 0.003908617137316689 0.0037874197067022178 
0.0024239486122894197 0.003332929341897952 0.0030602351230153923 
0.0023330505393285663 0.0029087383347473033 0.003726820991394982 
0.002363349896982184 0.0029996364077081567 0.0031208338383226274 
0.002787540904132832 0.0033632286995515697 0.0030602351230153923 
0.002211853108714095 0.003302629984244334 0.0033632286995515697 
0.002605744758211126 0.0030602351230153923 0.003332929341897952 
0.002605744758211126 0.003423827414858805 0.0031208338383226274 
0.0022724518240213308 0.0036056235607805115 0.0032723306265907163 
0.0020603563204460067 0.0033632286995515697 0.002605744758211126 
0.002363349896982184 0.0036359229184341293 0.0030602351230153923 
0.0024239486122894197 0.003696521633741365 0.002969337050054539 
0.002030056962792389 0.0035753242031268937 0.0026360441158647437 
0.002120955035753242 0.0036056235607805115 0.0029087383347473033 
0.002363349896982184 0.0034844261301660404 0.002939037692400921 
0.002605744758211126 0.004120712640892013 0.002939037692400921 
0.002030056962792389 0.003151133195976245 0.002787540904132832 
0.0023330505393285663 0.003181432553629863 0.0030905344806690096 
0.0021815537510604774 0.0030602351230153923 0.002120955035753242 
0.0021512543934068596 0.0034541267725124226 0.0028784389770936856 
0.0023027511816749485 0.002939037692400921 0.003181432553629863 
0.0022724518240213308 0.0032723306265907163 0.0025148466852502726 
0.002363349896982184 0.0030299357653617745 0.002575445400557508 
0.0023330505393285663 0.0032420312689370985 0.002211853108714095 
0.0023027511816749485 0.0021815537510604774 0.002726942188825597 
0.0028481396194400678 0.0025451460429038904 0.002575445400557508 
0.0024239486122894197 0.0030602351230153923 0.002484547327596655 
0.003545024845473276 0.0026663434735183615 0.002242152466367713 
0.0026966428311719793 0.001999757605138771 0.0023330505393285663 
0.0029087383347473033 0.0021512543934068596 0.0026663434735183615 
0.0032723306265907163 0.0018482608168706824 0.0023027511816749485 
0.002939037692400921 0.0024239486122894197 0.0026663434735183615 
0.0030299357653617745 0.0028784389770936856 0.0021512543934068596 
0.0030905344806690096 0.002787540904132832 0.00281784026178645 
0.003302629984244334 0.0025451460429038904 0.0024239486122894197 
0.003908617137316689 0.0026360441158647437 0.002484547327596655 
0.003545024845473276 0.0023330505393285663 0.0020603563204460067 
0.004181311356199249 0.0027572415464792144 0.0021512543934068596 
0.004151011998545631 0.002605744758211126 0.0024239486122894197 
0.004363107502120955 0.002605744758211126 0.002605744758211126 
0.003545024845473276 0.0025451460429038904 0.0023027511816749485 
0.003938916494970307 0.0027572415464792144 0.002363349896982184 
0.004120712640892013 0.002969337050054539 0.0022724518240213308 
0.004060113925584778 0.0029087383347473033 0.0025451460429038904 
0.004454005575081808 0.003302629984244334 0.002363349896982184 
0.0039692158526239245 0.0031208338383226274 0.0025451460429038904 
0.004514604290389044 0.0033632286995515697 0.002575445400557508 
0.004332808144467337 0.002969337050054539 0.002363349896982184 
0.005150890801115016 0.0029087383347473033 0.002575445400557508 
0.004999394012846927 0.003423827414858805 0.0026966428311719793 
0.005029693370500545 0.004302508786813719 0.0025451460429038904 
0.005756877954187371 0.003514725487819658 0.003302629984244334 
0.00590837474245546 0.004332808144467337 0.0031208338383226274 
0.005575081808265664 0.00402981456793116 0.0030905344806690096 
0.005938674100109078 0.004211610713852866 0.0036359229184341293 
0.005332686947036723 0.004363107502120955 0.0032117319112834808 
0.006241667676645255 0.005181190158768634 0.0030905344806690096 
0.005484183735304812 0.005302387589383105 0.0034844261301660404 
0.006968852260332081 0.005029693370500545 0.003332929341897952 
0.006362865107259726 0.006635559326142286 0.0036359229184341293 
0.006726457399103139 0.006514361895527815 0.0036056235607805115 
0.0077263362016725245 0.0056356805235729 0.003999515210277542 
0.007968731062901467 0.006150769603684402 0.003999515210277542 
0.007877832989940613 0.006362865107259726 0.003908617137316689 
0.007483941340443582 0.005968973457762696 0.004393406859774573 
0.007696036844018907 0.006362865107259726 0.004302508786813719 
0.00805962913586232 0.0064234638225669615 0.004756999151617986 
0.0069991516179856985 0.006665858683795904 0.0042722094291601015 
0.007029450975639316 0.005787177311840989 0.005302387589383105 
0.007544540055750818 0.005878075384801842 0.005332686947036723 
0.007665737486365289 0.00630226639195249 0.005968973457762696 
0.007483941340443582 0.005332686947036723 0.005817476669494607 
0.006938552902678463 0.005999272815416313 0.0056356805235729 
0.007302145194521876 0.004787298509271604 0.005484183735304812 
0.007635438128711671 0.004090413283238396 0.005575081808265664 
0.007029450975639316 0.003696521633741365 0.006514361895527815 
0.007635438128711671 0.0038177190643558356 0.0061204702460307845 
0.007029450975639316 0.0031208338383226274 0.005968973457762696 
0.00684765482971761 0.0028784389770936856 0.007271845836868259 
0.007696036844018907 0.0023027511816749485 0.006453763180220579 
0.007211247121561023 0.0022724518240213308 0.006635559326142286 
0.006938552902678463 0.002605744758211126 0.006029572173069931 
0.0058477760271482245 0.0018179614592170646 0.006787056114410375 
0.0058477760271482245 0.001757362743909829 0.0064234638225669615 
0.005999272815416313 0.0025451460429038904 0.006665858683795904 
0.005787177311840989 0.001999757605138771 0.0064234638225669615 
0.005544782450612047 0.0025148466852502726 0.006605259968488668 
0.005302387589383105 0.0018785601745243 0.005029693370500545 
0.005605381165919282 0.001999757605138771 0.005787177311840989 
0.005211489516422252 0.0021815537510604774 0.004635801721003515 
0.005181190158768634 0.0022724518240213308 0.0051205914434613985 
0.004484304932735426 0.0023330505393285663 0.004847897224578839 
0.004363107502120955 0.002211853108714095 0.004120712640892013 
0.00496909465519331 0.002030056962792389 0.003545024845473276 
0.004756999151617986 0.001999757605138771 0.0026360441158647437 
0.004635801721003515 0.0020906556780996245 0.0029996364077081567 
0.005029693370500545 0.0020603563204460067 0.0027572415464792144 
0.004575203005696279 0.0019391588898315356 0.0019694582474851534 
0.004454005575081808 0.0016058659556417404 0.002030056962792389 
0.004514604290389044 0.001666464670948976 0.0019391588898315356 
0.004726699793964368 0.0012422736637983274 0.0015149678826808872 
0.004454005575081808 0.0014240698097200339 0.0017876621015634469 
0.0048175978669252216 0.0015452672403345048 0.001757362743909829 
0.004666101078657133 0.0013331717367591808 0.0016058659556417404 
0.004908495939886074 0.0012119743061447098 0.001060477517876621 
0.004302508786813719 0.001181674948491092 0.0011210762331838565 
0.0038177190643558356 9.3928008726215E-4 0.0012422736637983274 
0.004393406859774573 0.0010301781602230034 0.001181674948491092 
0.00469640043631075 0.0012725730214519452 0.0011513755908374743 
0.004666101078657133 0.0011210762331838565 0.001181674948491092 
0.0039692158526239245 9.695794449157678E-4 0.0012119743061447098 
0.004605502363349897 0.0010907768755302387 8.483820143012969E-4 
0.004575203005696279 0.0011513755908374743 0.001302872379105563 
0.004120712640892013 0.0012422736637983274 0.0014240698097200339 
0.004575203005696279 6.665858683795904E-4 0.0018179614592170646 
0.0036359229184341293 7.271845836868258E-4 0.001393770452066416 
0.004332808144467337 0.001060477517876621 0.0020906556780996245 
0.003878317779663071 7.877832989940613E-4 0.002454247969943037 
0.003999515210277542 0.0010907768755302387 0.0025148466852502726 
0.0033935280572051875 7.271845836868258E-4 0.001999757605138771 
0.0035753242031268937 9.3928008726215E-4 0.002575445400557508 
0.004151011998545631 0.0016361653132953582 0.002242152466367713 
0.003908617137316689 0.001302872379105563 0.002454247969943037 
0.004060113925584778 0.0014543691673736517 0.0022724518240213308 
0.003696521633741365 0.001666464670948976 0.0019088595321779178 
0.004332808144467337 0.001393770452066416 0.001757362743909829 
0.0034541267725124226 0.0015149678826808872 0.0016361653132953582 
0.004090413283238396 0.0013634710944127985 0.0019088595321779178 
0.004181311356199249 0.0015452672403345048 0.0017876621015634469 
0.004090413283238396 0.0018785601745243 0.0014846685250272695 
0.003726820991394982 0.001999757605138771 0.0014543691673736517 
0.004090413283238396 0.0020603563204460067 9.3928008726215E-4 
0.004575203005696279 0.002393649254635802 0.0011513755908374743 
0.004211610713852866 0.0021815537510604774 0.0013634710944127985 
0.0045449036480426615 0.002484547327596655 0.0013634710944127985 
0.0038480184220094533 0.0023027511816749485 0.001060477517876621 
0.00442370621742819 0.0019694582474851534 9.3928008726215E-4 
0.004575203005696279 0.0016058659556417404 7.574839413404436E-4 
0.004635801721003515 0.0021815537510604774 0.0012119743061447098 
0.004060113925584778 0.0020603563204460067 9.998788025693856E-4 
0.0038177190643558356 0.0026966428311719793 9.998788025693856E-4 
0.0045449036480426615 0.0028481396194400678 8.180826566476791E-4 
0.004151011998545631 0.003332929341897952 9.695794449157678E-4 
0.003545024845473276 0.003696521633741365 8.483820143012969E-4 
0.0042722094291601015 0.003666222276087747 6.96885226033208E-4 
0.004484304932735426 0.004999394012846927 7.574839413404436E-4 
0.004211610713852866 0.006453763180220579 8.483820143012969E-4 
0.003999515210277542 0.007999030420555085 0.0011513755908374743 
0.004181311356199249 0.007332444552175494 9.3928008726215E-4 
0.004726699793964368 0.006635559326142286 8.180826566476791E-4 
0.00402981456793116 0.0075748394134044356 5.756877954187371E-4 
0.003302629984244334 0.007908132347594231 0.0011513755908374743 
0.0035753242031268937 0.008665616288934674 9.089807296085323E-4 
0.003332929341897952 0.007453641982789964 0.0011210762331838565 
0.002969337050054539 0.00845352078535935 9.695794449157678E-4 
0.0029087383347473033 0.007090049690946552 9.998788025693856E-4 
0.002787540904132832 0.007817234274633378 0.0014240698097200339 
0.002787540904132832 0.008029329778208702 0.0014543691673736517 
0.0031208338383226274 0.007999030420555085 0.0014846685250272695 
0.0025148466852502726 0.009362501514967883 0.0015149678826808872 
0.002484547327596655 0.008756514361895527 0.001757362743909829 
0.002575445400557508 0.0064234638225669615 0.002030056962792389 
0.002120955035753242 0.006514361895527815 0.002030056962792389 
0.002242152466367713 0.006484062537874197 0.0021512543934068596 
0.0018785601745243 0.004635801721003515 0.0025148466852502726 
0.002211853108714095 0.005150890801115016 0.003545024845473276 
0.0022724518240213308 0.004635801721003515 0.004908495939886074 
0.002575445400557508 0.005059992728154163 0.004302508786813719 
0.002120955035753242 0.0042722094291601015 0.006877954187371227 
0.0020603563204460067 0.004060113925584778 0.007241546479214641 
0.002363349896982184 0.0031208338383226274 0.007453641982789964 
0.001666464670948976 0.0031208338383226274 0.008271724639437645 
0.0015452672403345048 0.0026966428311719793 0.009847291237425766 
0.0019391588898315356 0.002484547327596655 0.012907526360441159 
0.0016967640286025937 0.0020906556780996245 0.01584656405284208 
0.0020603563204460067 0.0018179614592170646 0.01972488183250515 
0.001666464670948976 0.0021815537510604774 0.019543085686583445 
0.002120955035753242 0.0014240698097200339 0.017391831293176584 
0.0016967640286025937 0.0015452672403345048 0.015634468549266756 
0.0016058659556417404 0.001393770452066416 0.013755908374742455 
0.0017270633862562113 0.0012725730214519452 0.009695794449157679 
0.0013634710944127985 0.0013331717367591808 0.007271845836868259 
0.0012119743061447098 0.001181674948491092 0.005090292085807781 
0.0014240698097200339 0.0012725730214519452 0.003999515210277542 
0.001302872379105563 0.001181674948491092 0.003423827414858805 
9.695794449157678E-4 9.089807296085323E-4 0.002484547327596655 
0.0015149678826808872 6.362865107259726E-4 0.001757362743909829 
0.0012422736637983274 6.96885226033208E-4 0.0018179614592170646 
0.0012725730214519452 7.271845836868258E-4 0.0012119743061447098 
9.998788025693856E-4 4.2419100715064843E-4 0.001181674948491092 
9.3928008726215E-4 4.2419100715064843E-4 9.3928008726215E-4 
9.3928008726215E-4 5.756877954187371E-4 8.180826566476791E-4 
0.0010907768755302387 3.635922918434129E-4 6.059871530723549E-4 
8.786813719549145E-4 4.5449036480426616E-4 3.9389164949703065E-4 
9.3928008726215E-4 3.0299357653617746E-4 4.2419100715064843E-4 
7.574839413404436E-4 3.635922918434129E-4 5.453884377651194E-4 
9.3928008726215E-4 3.0299357653617746E-4 4.2419100715064843E-4 
8.180826566476791E-4 1.5149678826808873E-4 3.0299357653617746E-4 
8.786813719549145E-4 2.1209550357532422E-4 2.4239486122894195E-4 
6.362865107259726E-4 9.089807296085323E-5 9.089807296085323E-5 
6.665858683795904E-4 6.0598715307235486E-5 1.8179614592170646E-4 
7.574839413404436E-4 9.089807296085323E-5 0.0 
7.271845836868258E-4 1.2119743061447097E-4 2.1209550357532422E-4 
3.9389164949703065E-4 1.2119743061447097E-4 1.2119743061447097E-4 
6.665858683795904E-4 9.089807296085323E-5 6.0598715307235486E-5 
5.756877954187371E-4 2.1209550357532422E-4 6.0598715307235486E-5 
5.150890801115017E-4 3.0299357653617743E-5 1.8179614592170646E-4 
3.635922918434129E-4 6.0598715307235486E-5 1.2119743061447097E-4 
3.635922918434129E-4 6.0598715307235486E-5 6.0598715307235486E-5 
2.726942188825597E-4 0.0 6.0598715307235486E-5 
0.007817234274633378 6.0598715307235486E-5 3.9389164949703065E-4 
