0.06120470246030784 0.04511574354623682 0.02554235850199976 
0.013877105805356926 0.013452914798206279 0.004090413283238396 
0.01154405526602836 0.014028602593625015 0.007453641982789964 
0.012574233426251363 0.01478608653496546 0.006877954187371227 
0.011392558477760271 0.014058901951278633 0.009301902799660648 
0.009635195733850443 0.013059023148709248 0.011362259120106653 
0.008786813719549145 0.012846927645133923 0.009604896376196825 
0.009211004726699794 0.011150163616531329 0.010816870682341535 
0.008514119500666585 0.009816991879772148 0.007059750333292934 
0.0071506484062537875 0.008180826566476791 0.01048357774815174 
0.00778693491697976 0.009059507938431705 0.00805962913586232 
0.006968852260332081 0.007483941340443582 0.009453399587928736 
0.005938674100109078 0.007059750333292934 0.009423100230275119 
0.006241667676645255 0.006635559326142286 0.00712034904860017 
0.005938674100109078 0.006332565749606108 0.008302023997091262 
0.006181068961338019 0.00712034904860017 0.007908132347594231 
0.005181190158768634 0.007302145194521876 0.007271845836868259 
0.005150890801115016 0.0069991516179856985 0.007090049690946552 
0.004999394012846927 0.006787056114410375 0.0075748394134044356 
0.004181311356199249 0.006059871530723549 0.00684765482971761 
0.003999515210277542 0.006968852260332081 0.006332565749606108 
0.004454005575081808 0.006241667676645255 0.006393164464913344 
0.003938916494970307 0.00712034904860017 0.0061204702460307845 
0.004211610713852866 0.005726578596533753 0.005544782450612047 
0.004151011998545631 0.005726578596533753 0.006362865107259726 
0.004151011998545631 0.00590837474245546 0.006241667676645255 
0.003726820991394982 0.006181068961338019 0.005302387589383105 
0.0038480184220094533 0.005999272815416313 0.005393285662343959 
0.003423827414858805 0.0058477760271482245 0.005968973457762696 
0.004454005575081808 0.005787177311840989 0.005544782450612047 
0.0034844261301660404 0.005878075384801842 0.0056356805235729 
0.003423827414858805 0.004787298509271604 0.005362986304690341 
0.003302629984244334 0.005968973457762696 0.005150890801115016 
0.0036056235607805115 0.005181190158768634 0.005150890801115016 
0.0034844261301660404 0.005332686947036723 0.005059992728154163 
0.003151133195976245 0.005484183735304812 0.005423585019997576 
0.0033935280572051875 0.0048175978669252216 0.00469640043631075 
0.0029087383347473033 0.005211489516422252 0.005332686947036723 
0.0032420312689370985 0.00469640043631075 0.005968973457762696 
0.003332929341897952 0.003726820991394982 0.006726457399103139 
0.002484547327596655 0.004878196582232456 0.005150890801115016 
0.001999757605138771 0.004938795297539692 0.00524178887407587 
0.002787540904132832 0.004332808144467337 0.00630226639195249 
0.002484547327596655 0.004302508786813719 0.0056356805235729 
0.0021815537510604774 0.0037571203490486 0.005302387589383105 
0.002393649254635802 0.004211610713852866 0.005878075384801842 
0.002939037692400921 0.0034844261301660404 0.005453884377651194 
0.0026360441158647437 0.003696521633741365 0.005453884377651194 
0.0026360441158647437 0.004090413283238396 0.005393285662343959 
0.002393649254635802 0.003302629984244334 0.005211489516422252 
0.0028481396194400678 0.003726820991394982 0.004787298509271604 
0.002363349896982184 0.003696521633741365 0.004999394012846927 
0.0029996364077081567 0.0038480184220094533 0.0045449036480426615 
0.00281784026178645 0.004120712640892013 0.005059992728154163 
0.0024239486122894197 0.004302508786813719 0.005029693370500545 
0.0028481396194400678 0.003423827414858805 0.00442370621742819 
0.0026360441158647437 0.0042722094291601015 0.004575203005696279 
0.0025148466852502726 0.003908617137316689 0.003696521633741365 
0.002363349896982184 0.0037874197067022178 0.003696521633741365 
0.0030299357653617745 0.004999394012846927 0.004241910071506484 
0.0026663434735183615 0.004454005575081808 0.0035753242031268937 
0.003666222276087747 0.0042722094291601015 0.0042722094291601015 
0.004211610713852866 0.004151011998545631 0.003726820991394982 
0.0037874197067022178 0.004363107502120955 0.004635801721003515 
0.0038177190643558356 0.0038177190643558356 0.0037874197067022178 
0.003938916494970307 0.004302508786813719 0.004090413283238396 
0.004151011998545631 0.003999515210277542 0.004060113925584778 
0.0035753242031268937 0.004090413283238396 0.004120712640892013 
0.004332808144467337 0.003151133195976245 0.0036359229184341293 
0.004605502363349897 0.004120712640892013 0.004090413283238396 
0.002939037692400921 0.003666222276087747 0.003878317779663071 
0.003726820991394982 0.0038177190643558356 0.00402981456793116 
0.003878317779663071 0.003908617137316689 0.0038480184220094533 
0.004484304932735426 0.003151133195976245 0.0038480184220094533 
0.004120712640892013 0.003545024845473276 0.004120712640892013 
0.004151011998545631 0.003696521633741365 0.003423827414858805 
0.004302508786813719 0.0034541267725124226 0.003423827414858805 
0.0042722094291601015 0.003302629984244334 0.0032420312689370985 
0.004241910071506484 0.002939037692400921 0.0037571203490486 
0.005665979881226518 0.003726820991394982 0.0032117319112834808 
0.006544661253181433 0.0032117319112834808 0.0037874197067022178 
0.007817234274633378 0.003151133195976245 0.0028784389770936856 
0.006241667676645255 0.003151133195976245 0.003545024845473276 
0.005605381165919282 0.00281784026178645 0.0030905344806690096 
0.005817476669494607 0.002726942188825597 0.003726820991394982 
0.005787177311840989 0.002454247969943037 0.00281784026178645 
0.0056356805235729 0.0023027511816749485 0.002969337050054539 
0.00469640043631075 0.003332929341897952 0.0028784389770936856 
0.006605259968488668 0.0024239486122894197 0.003151133195976245 
0.005817476669494607 0.0026966428311719793 0.0025451460429038904 
0.00630226639195249 0.0026663434735183615 0.0033632286995515697 
0.00684765482971761 0.002030056962792389 0.0024239486122894197 
0.0069991516179856985 0.002605744758211126 0.0029996364077081567 
0.007968731062901467 0.0023027511816749485 0.002726942188825597 
0.0074233426251363475 0.002242152466367713 0.002484547327596655 
0.006938552902678463 0.002363349896982184 0.002575445400557508 
0.007362743909829112 0.0023027511816749485 0.002363349896982184 
0.006726457399103139 0.0026360441158647437 0.0025451460429038904 
0.0058477760271482245 0.0022724518240213308 0.0026360441158647437 
0.006090170888377167 0.0025451460429038904 0.0025451460429038904 
0.005756877954187371 0.0023027511816749485 0.0027572415464792144 
0.006059871530723549 0.0018179614592170646 0.0025451460429038904 
0.0052720882317294875 0.002454247969943037 0.002211853108714095 
0.006090170888377167 0.0020603563204460067 0.0026360441158647437 
0.005514483092958429 0.0019391588898315356 0.003181432553629863 
0.005302387589383105 0.0021815537510604774 0.0025148466852502726 
0.005453884377651194 0.002484547327596655 0.002242152466367713 
0.005938674100109078 0.0023330505393285663 0.0030299357653617745 
0.005575081808265664 0.0023027511816749485 0.001999757605138771 
0.004575203005696279 0.002242152466367713 0.0025451460429038904 
0.00469640043631075 0.002211853108714095 0.001757362743909829 
0.004908495939886074 0.0025451460429038904 0.0026663434735183615 
0.00469640043631075 0.0021512543934068596 0.0028784389770936856 
0.004120712640892013 0.00281784026178645 0.0022724518240213308 
0.004302508786813719 0.0020906556780996245 0.0018785601745243 
0.004393406859774573 0.0025148466852502726 0.0028784389770936856 
0.004635801721003515 0.0023027511816749485 0.002484547327596655 
0.004605502363349897 0.0025148466852502726 0.002726942188825597 
0.003999515210277542 0.0023330505393285663 0.002363349896982184 
0.0037571203490486 0.002363349896982184 0.0024239486122894197 
0.003938916494970307 0.0030299357653617745 0.0018482608168706824 
0.003696521633741365 0.0029996364077081567 0.002363349896982184 
0.0038177190643558356 0.0023027511816749485 0.0028481396194400678 
0.003423827414858805 0.002726942188825597 0.0025148466852502726 
0.0034844261301660404 0.002363349896982184 0.0024239486122894197 
0.0029087383347473033 0.002939037692400921 0.0022724518240213308 
0.0029087383347473033 0.0025148466852502726 0.002120955035753242 
0.003302629984244334 0.0026663434735183615 0.002120955035753242 
0.0029996364077081567 0.0023330505393285663 0.002575445400557508 
0.002726942188825597 0.0025148466852502726 0.002454247969943037 
0.0034844261301660404 0.0021815537510604774 0.002242152466367713 
0.0032117319112834808 0.002969337050054539 0.0021512543934068596 
0.0026663434735183615 0.00402981456793116 0.002393649254635802 
0.002787540904132832 0.0037571203490486 0.002454247969943037 
0.0025451460429038904 0.003696521633741365 0.002484547327596655 
0.0025148466852502726 0.0034844261301660404 0.002484547327596655 
0.002605744758211126 0.003878317779663071 0.0026966428311719793 
0.0031208338383226274 0.00442370621742819 0.0029087383347473033 
0.0030905344806690096 0.005817476669494607 0.0025148466852502726 
0.002484547327596655 0.00684765482971761 0.0017876621015634469 
0.0024239486122894197 0.00739304326748273 0.002030056962792389 
0.002484547327596655 0.01005938674100109 0.002242152466367713 
0.002211853108714095 0.009665495091504061 0.0021512543934068596 
0.002454247969943037 0.012362137922676038 0.002726942188825597 
0.0034541267725124226 0.012907526360441159 0.001999757605138771 
0.002454247969943037 0.012240940492061569 0.002575445400557508 
0.0029087383347473033 0.012937825718094776 0.0022724518240213308 
0.002939037692400921 0.013362016725245425 0.0023027511816749485 
0.0033632286995515697 0.01302872379105563 0.002120955035753242 
0.0032117319112834808 0.013240819294630954 0.002454247969943037 
0.0030602351230153923 0.01181674948491092 0.002211853108714095 
0.0033632286995515697 0.011513755908374742 0.0025451460429038904 
0.0039692158526239245 0.011119864258877711 0.0025451460429038904 
0.0029087383347473033 0.01060477517876621 0.002575445400557508 
0.003878317779663071 0.009847291237425766 0.0025451460429038904 
0.0037571203490486 0.008877711792509999 0.002242152466367713 
0.003666222276087747 0.007665737486365289 0.002787540904132832 
0.0037874197067022178 0.006908253545024845 0.0027572415464792144 
0.00402981456793116 0.007059750333292934 0.0029996364077081567 
0.003938916494970307 0.006059871530723549 0.004211610713852866 
0.003696521633741365 0.0051205914434613985 0.003908617137316689 
0.0039692158526239245 0.00469640043631075 0.004211610713852866 
0.00442370621742819 0.0045449036480426615 0.0048175978669252216 
0.005302387589383105 0.003726820991394982 0.004454005575081808 
0.004575203005696279 0.0030299357653617745 0.0051205914434613985 
0.0045449036480426615 0.0030299357653617745 0.004605502363349897 
0.004726699793964368 0.00281784026178645 0.004393406859774573 
0.0051205914434613985 0.0021815537510604774 0.003302629984244334 
0.003938916494970307 0.0020906556780996245 0.0033632286995515697 
0.0033935280572051875 0.002242152466367713 0.0033632286995515697 
0.0036056235607805115 0.002211853108714095 0.0032723306265907163 
0.003302629984244334 0.001999757605138771 0.0027572415464792144 
0.0036359229184341293 0.0019088595321779178 0.0029996364077081567 
0.0036056235607805115 0.0021815537510604774 0.0030602351230153923 
0.003696521633741365 0.0016967640286025937 0.002726942188825597 
0.0035753242031268937 0.0019088595321779178 0.0026360441158647437 
0.0038480184220094533 0.001666464670948976 0.002363349896982184 
0.002939037692400921 0.0012119743061447098 0.0025451460429038904 
0.0026966428311719793 9.998788025693856E-4 0.0025148466852502726 
0.0027572415464792144 0.0016058659556417404 0.002939037692400921 
0.0027572415464792144 0.0012725730214519452 0.003545024845473276 
0.0028784389770936856 0.0011513755908374743 0.0036056235607805115 
0.002939037692400921 0.0016058659556417404 0.003423827414858805 
0.0032420312689370985 0.001302872379105563 0.003726820991394982 
0.00281784026178645 0.0015149678826808872 0.003999515210277542 
0.0028784389770936856 9.695794449157678E-4 0.004605502363349897 
0.0023330505393285663 0.0012422736637983274 0.00496909465519331 
0.00281784026178645 0.0012422736637983274 0.0058477760271482245 
0.002211853108714095 0.0014240698097200339 0.0064234638225669615 
0.002242152466367713 0.0015755665979881226 0.007332444552175494 
0.0024239486122894197 0.0012725730214519452 0.00857471821597382 
0.002605744758211126 0.0013331717367591808 0.012695430856865834 
0.0024239486122894197 0.0010907768755302387 0.014755787177311842 
0.002393649254635802 0.001302872379105563 0.01678584414010423 
0.001999757605138771 0.0010907768755302387 0.019270391467700886 
0.0022724518240213308 0.001393770452066416 0.015149678826808871 
0.001757362743909829 0.0011513755908374743 0.012210641134407951 
0.0019391588898315356 0.001393770452066416 0.010998666828263242 
0.002363349896982184 0.001757362743909829 0.009968488668040237 
0.0019694582474851534 0.001302872379105563 0.007635438128711671 
0.001757362743909829 0.001181674948491092 0.006605259968488668 
0.0019088595321779178 8.786813719549145E-4 0.0056356805235729 
0.001999757605138771 0.0012422736637983274 0.00496909465519331 
0.0020906556780996245 0.001302872379105563 0.0033632286995515697 
0.0017270633862562113 0.001757362743909829 0.0032117319112834808 
0.002211853108714095 0.001393770452066416 0.002393649254635802 
0.0014240698097200339 0.0017876621015634469 0.002454247969943037 
0.002120955035753242 0.0012119743061447098 0.0019391588898315356 
0.002211853108714095 0.001757362743909829 0.0016361653132953582 
0.002120955035753242 0.0017270633862562113 0.002242152466367713 
0.0014240698097200339 0.0016058659556417404 0.0018785601745243 
0.002787540904132832 0.0014543691673736517 0.002363349896982184 
0.0022724518240213308 0.0018482608168706824 0.0018482608168706824 
0.0019391588898315356 0.0020603563204460067 0.0019694582474851534 
0.002211853108714095 0.0020603563204460067 0.0018482608168706824 
0.0025148466852502726 0.0017876621015634469 0.0012725730214519452 
0.0017876621015634469 0.001666464670948976 0.0018482608168706824 
0.0019694582474851534 0.001302872379105563 0.0021512543934068596 
0.001999757605138771 0.001666464670948976 0.001757362743909829 
0.002211853108714095 0.001666464670948976 0.0012725730214519452 
0.0018785601745243 0.001666464670948976 0.0018482608168706824 
0.001999757605138771 0.0015149678826808872 0.0014846685250272695 
0.0019391588898315356 0.0015452672403345048 0.0018482608168706824 
0.001757362743909829 0.0016967640286025937 0.0017876621015634469 
0.0015452672403345048 0.0010301781602230034 0.0016361653132953582 
0.0018785601745243 0.0015452672403345048 0.0012119743061447098 
0.0017876621015634469 0.001181674948491092 0.0014240698097200339 
0.001181674948491092 0.0010301781602230034 0.0015452672403345048 
0.0012725730214519452 9.998788025693856E-4 0.0010301781602230034 
0.0017270633862562113 6.96885226033208E-4 9.3928008726215E-4 
0.0013634710944127985 6.665858683795904E-4 7.271845836868258E-4 
0.001393770452066416 5.756877954187371E-4 7.877832989940613E-4 
0.0017876621015634469 5.756877954187371E-4 6.96885226033208E-4 
0.001302872379105563 6.665858683795904E-4 6.059871530723549E-4 
0.001666464670948976 2.726942188825597E-4 6.362865107259726E-4 
0.0018179614592170646 4.2419100715064843E-4 7.271845836868258E-4 
0.0014543691673736517 3.332929341897952E-4 4.5449036480426616E-4 
0.0012119743061447098 4.2419100715064843E-4 4.2419100715064843E-4 
0.0011210762331838565 3.9389164949703065E-4 4.2419100715064843E-4 
0.0016361653132953582 1.8179614592170646E-4 3.9389164949703065E-4 
0.0014543691673736517 1.8179614592170646E-4 3.0299357653617746E-4 
0.001060477517876621 3.0299357653617746E-4 3.0299357653617746E-4 
0.0013331717367591808 1.2119743061447097E-4 1.8179614592170646E-4 
8.786813719549145E-4 2.1209550357532422E-4 1.2119743061447097E-4 
0.0011210762331838565 2.4239486122894195E-4 2.1209550357532422E-4 
0.001302872379105563 1.2119743061447097E-4 2.726942188825597E-4 
9.695794449157678E-4 1.8179614592170646E-4 3.0299357653617746E-4 
0.0011513755908374743 1.8179614592170646E-4 1.5149678826808873E-4 
9.695794449157678E-4 9.089807296085323E-5 2.1209550357532422E-4 
8.180826566476791E-4 1.5149678826808873E-4 2.1209550357532422E-4 
9.695794449157678E-4 3.0299357653617743E-5 2.1209550357532422E-4 
7.574839413404436E-4 1.2119743061447097E-4 1.8179614592170646E-4 
7.574839413404436E-4 2.1209550357532422E-4 1.8179614592170646E-4 
6.96885226033208E-4 1.2119743061447097E-4 1.2119743061447097E-4 
5.453884377651194E-4 3.0299357653617743E-5 3.0299357653617743E-5 
0.012998424433402012 3.635922918434129E-4 6.059871530723549E-4 
