0.023875893831050782 0.07826324081929463 0.014604290389043753 
0.005090292085807781 0.019936977336080474 0.0025451460429038904 
0.004120712640892013 0.01999757605138771 0.004120712640892013 
0.0048175978669252216 0.018694703672282147 0.00402981456793116 
0.0035753242031268937 0.016846442855411464 0.005181190158768634 
0.004302508786813719 0.015513271118652285 0.006817355472063992 
0.0038177190643558356 0.015270876257423342 0.007180947763907405 
0.0042722094291601015 0.013119621864016483 0.008120227851169556 
0.004241910071506484 0.011331959762453036 0.008241425281784027 
0.0037874197067022178 0.009635195733850443 0.010544176463458975 
0.0037874197067022178 0.009241304084353412 0.011028966185916858 
0.0037874197067022178 0.007362743909829112 0.014422494243122046 
0.003696521633741365 0.007271845836868259 0.012998424433402012 
0.003938916494970307 0.0071506484062537875 0.01248333535329051 
0.0036056235607805115 0.006787056114410375 0.012453035995636892 
0.0039692158526239245 0.006241667676645255 0.010907768755302388 
0.0033935280572051875 0.005817476669494607 0.011210762331838564 
0.0036056235607805115 0.005332686947036723 0.011725851411950067 
0.004363107502120955 0.005150890801115016 0.011513755908374742 
0.0039692158526239245 0.005302387589383105 0.01260453278390498 
0.003908617137316689 0.0052720882317294875 0.011786450127257302 
0.004181311356199249 0.004211610713852866 0.010968367470609624 
0.0033632286995515697 0.004908495939886074 0.011028966185916858 
0.003726820991394982 0.00442370621742819 0.010513877105805357 
0.003545024845473276 0.0048175978669252216 0.009029208580778087 
0.003938916494970307 0.004605502363349897 0.009604896376196825 
0.0045449036480426615 0.0037571203490486 0.008180826566476791 
0.004514604290389044 0.004211610713852866 0.00778693491697976 
0.004120712640892013 0.004999394012846927 0.00712034904860017 
0.004332808144467337 0.00402981456793116 0.005999272815416313 
0.004090413283238396 0.004181311356199249 0.005484183735304812 
0.004090413283238396 0.004241910071506484 0.0061204702460307845 
0.004484304932735426 0.003938916494970307 0.005332686947036723 
0.004393406859774573 0.004363107502120955 0.004756999151617986 
0.0037571203490486 0.003878317779663071 0.004847897224578839 
0.0033935280572051875 0.004514604290389044 0.004908495939886074 
0.003514725487819658 0.004666101078657133 0.004151011998545631 
0.004120712640892013 0.003938916494970307 0.005090292085807781 
0.0035753242031268937 0.004302508786813719 0.004090413283238396 
0.003908617137316689 0.004666101078657133 0.0048175978669252216 
0.004120712640892013 0.004514604290389044 0.004575203005696279 
0.0036359229184341293 0.00442370621742819 0.0045449036480426615 
0.0038480184220094533 0.003938916494970307 0.004090413283238396 
0.003726820991394982 0.0042722094291601015 0.00442370621742819 
0.0036359229184341293 0.003666222276087747 0.0033632286995515697 
0.0036359229184341293 0.003908617137316689 0.004393406859774573 
0.003726820991394982 0.004060113925584778 0.004151011998545631 
0.004241910071506484 0.004605502363349897 0.0042722094291601015 
0.003514725487819658 0.00402981456793116 0.004575203005696279 
0.003666222276087747 0.004302508786813719 0.00402981456793116 
0.003908617137316689 0.003908617137316689 0.0038480184220094533 
0.003423827414858805 0.0036056235607805115 0.004060113925584778 
0.003514725487819658 0.003514725487819658 0.003878317779663071 
0.003423827414858805 0.004302508786813719 0.003999515210277542 
0.003302629984244334 0.003726820991394982 0.004514604290389044 
0.0037571203490486 0.003332929341897952 0.0039692158526239245 
0.003332929341897952 0.003423827414858805 0.003423827414858805 
0.0029996364077081567 0.0035753242031268937 0.004090413283238396 
0.00281784026178645 0.003878317779663071 0.0045449036480426615 
0.0031208338383226274 0.004060113925584778 0.004302508786813719 
0.0034541267725124226 0.0032420312689370985 0.0038177190643558356 
0.0028481396194400678 0.003878317779663071 0.004363107502120955 
0.0030299357653617745 0.003938916494970307 0.003999515210277542 
0.003423827414858805 0.003666222276087747 0.003545024845473276 
0.0034541267725124226 0.0033935280572051875 0.00442370621742819 
0.0032723306265907163 0.003302629984244334 0.004211610713852866 
0.003181432553629863 0.0037571203490486 0.003878317779663071 
0.0034541267725124226 0.0037571203490486 0.00402981456793116 
0.003302629984244334 0.003938916494970307 0.00402981456793116 
0.0028784389770936856 0.003514725487819658 0.003545024845473276 
0.00281784026178645 0.0038177190643558356 0.0033935280572051875 
0.002787540904132832 0.0033632286995515697 0.003938916494970307 
0.0029087383347473033 0.0033632286995515697 0.004090413283238396 
0.0030299357653617745 0.003151133195976245 0.004363107502120955 
0.0036056235607805115 0.003545024845473276 0.003666222276087747 
0.0027572415464792144 0.0033935280572051875 0.0035753242031268937 
0.0023027511816749485 0.0028784389770936856 0.0036056235607805115 
0.002726942188825597 0.003696521633741365 0.003938916494970307 
0.0027572415464792144 0.0032117319112834808 0.004090413283238396 
0.0022724518240213308 0.0036056235607805115 0.0030299357653617745 
0.003151133195976245 0.0028784389770936856 0.0034541267725124226 
0.0021815537510604774 0.0034844261301660404 0.004332808144467337 
0.0028481396194400678 0.002969337050054539 0.003908617137316689 
0.0026360441158647437 0.003332929341897952 0.003302629984244334 
0.0026663434735183615 0.002969337050054539 0.0033632286995515697 
0.002787540904132832 0.003423827414858805 0.003726820991394982 
0.0025451460429038904 0.0030299357653617745 0.003696521633741365 
0.0025451460429038904 0.0033935280572051875 0.0036056235607805115 
0.0028481396194400678 0.0034541267725124226 0.003514725487819658 
0.002605744758211126 0.0030905344806690096 0.003332929341897952 
0.0026663434735183615 0.003181432553629863 0.003151133195976245 
0.0026360441158647437 0.003938916494970307 0.0037874197067022178 
0.0026663434735183615 0.0033632286995515697 0.003726820991394982 
0.0026360441158647437 0.0034541267725124226 0.004181311356199249 
0.003302629984244334 0.003514725487819658 0.0032420312689370985 
0.002484547327596655 0.0039692158526239245 0.0034844261301660404 
0.002605744758211126 0.0036056235607805115 0.004605502363349897 
0.002211853108714095 0.003332929341897952 0.0032117319112834808 
0.0027572415464792144 0.0034844261301660404 0.0032117319112834808 
0.0024239486122894197 0.003878317779663071 0.003332929341897952 
0.002393649254635802 0.003514725487819658 0.0036056235607805115 
0.002605744758211126 0.0033632286995515697 0.0033632286995515697 
0.002787540904132832 0.003514725487819658 0.003696521633741365 
0.002939037692400921 0.0036056235607805115 0.0038177190643558356 
0.00281784026178645 0.003151133195976245 0.004090413283238396 
0.003151133195976245 0.0032117319112834808 0.0036359229184341293 
0.00281784026178645 0.0034541267725124226 0.0030299357653617745 
0.002211853108714095 0.0034541267725124226 0.004332808144467337 
0.0030602351230153923 0.0030602351230153923 0.004090413283238396 
0.0030905344806690096 0.0034541267725124226 0.0030299357653617745 
0.002393649254635802 0.003302629984244334 0.0033632286995515697 
0.0028784389770936856 0.003302629984244334 0.0032723306265907163 
0.003302629984244334 0.002726942188825597 0.002939037692400921 
0.0030905344806690096 0.0033935280572051875 0.0032117319112834808 
0.002939037692400921 0.0032723306265907163 0.0028481396194400678 
0.0027572415464792144 0.002726942188825597 0.002939037692400921 
0.0030905344806690096 0.0028481396194400678 0.003181432553629863 
0.0035753242031268937 0.0024239486122894197 0.00281784026178645 
0.003423827414858805 0.002787540904132832 0.0028784389770936856 
0.0032117319112834808 0.002939037692400921 0.002787540904132832 
0.0034844261301660404 0.0024239486122894197 0.002605744758211126 
0.0030602351230153923 0.0026663434735183615 0.003151133195976245 
0.0035753242031268937 0.0024239486122894197 0.0021512543934068596 
0.0030602351230153923 0.0029996364077081567 0.0028481396194400678 
0.0034541267725124226 0.002454247969943037 0.002939037692400921 
0.0035753242031268937 0.002787540904132832 0.002726942188825597 
0.003332929341897952 0.0027572415464792144 0.0028481396194400678 
0.0036359229184341293 0.002575445400557508 0.002363349896982184 
0.0034844261301660404 0.00281784026178645 0.0029087383347473033 
0.0033935280572051875 0.002242152466367713 0.002575445400557508 
0.003999515210277542 0.0024239486122894197 0.002363349896982184 
0.004120712640892013 0.0029087383347473033 0.002787540904132832 
0.0030602351230153923 0.0025148466852502726 0.0022724518240213308 
0.003908617137316689 0.002030056962792389 0.0023027511816749485 
0.004151011998545631 0.0026966428311719793 0.001999757605138771 
0.004514604290389044 0.002393649254635802 0.002939037692400921 
0.004151011998545631 0.0020603563204460067 0.0023330505393285663 
0.0038177190643558356 0.0022724518240213308 0.0023330505393285663 
0.004454005575081808 0.001999757605138771 0.0019694582474851534 
0.004120712640892013 0.002242152466367713 0.0022724518240213308 
0.00469640043631075 0.0022724518240213308 0.0019088595321779178 
0.004787298509271604 0.002454247969943037 0.0026663434735183615 
0.004847897224578839 0.002454247969943037 0.001757362743909829 
0.0051205914434613985 0.0028784389770936856 0.002030056962792389 
0.005575081808265664 0.0025451460429038904 0.0018482608168706824 
0.006332565749606108 0.002726942188825597 0.0020906556780996245 
0.005393285662343959 0.002242152466367713 0.002211853108714095 
0.005544782450612047 0.002454247969943037 0.001757362743909829 
0.004787298509271604 0.0027572415464792144 0.002363349896982184 
0.0052720882317294875 0.002393649254635802 0.0018482608168706824 
0.0061204702460307845 0.002787540904132832 0.001999757605138771 
0.005090292085807781 0.0026360441158647437 0.0027572415464792144 
0.005484183735304812 0.0020603563204460067 0.002211853108714095 
0.005605381165919282 0.0029087383347473033 0.002393649254635802 
0.005029693370500545 0.002939037692400921 0.002363349896982184 
0.004999394012846927 0.003423827414858805 0.0023330505393285663 
0.005817476669494607 0.003666222276087747 0.0023027511816749485 
0.005817476669494607 0.003696521633741365 0.002211853108714095 
0.005726578596533753 0.0035753242031268937 0.002030056962792389 
0.0045449036480426615 0.0033632286995515697 0.002726942188825597 
0.0056356805235729 0.003514725487819658 0.0019391588898315356 
0.004878196582232456 0.003302629984244334 0.0024239486122894197 
0.005665979881226518 0.003332929341897952 0.0021815537510604774 
0.004666101078657133 0.003545024845473276 0.0026663434735183615 
0.004393406859774573 0.0032723306265907163 0.002787540904132832 
0.005059992728154163 0.00442370621742819 0.0023027511816749485 
0.0051205914434613985 0.003666222276087747 0.0026360441158647437 
0.0038177190643558356 0.00442370621742819 0.0030299357653617745 
0.005393285662343959 0.003423827414858805 0.002939037692400921 
0.005726578596533753 0.003545024845473276 0.00281784026178645 
0.0058477760271482245 0.0032117319112834808 0.003151133195976245 
0.005211489516422252 0.0030602351230153923 0.0030299357653617745 
0.006090170888377167 0.0030905344806690096 0.003514725487819658 
0.006908253545024845 0.0030299357653617745 0.0032420312689370985 
0.006787056114410375 0.002575445400557508 0.003938916494970307 
0.008695915646588292 0.002969337050054539 0.0032117319112834808 
0.008423221427705732 0.0028784389770936856 0.003545024845473276 
0.008514119500666585 0.0031208338383226274 0.004151011998545631 
0.00833232335474488 0.002605744758211126 0.0048175978669252216 
0.007029450975639316 0.002575445400557508 0.003908617137316689 
0.006605259968488668 0.002484547327596655 0.0045449036480426615 
0.0071506484062537875 0.0023027511816749485 0.003938916494970307 
0.006756756756756757 0.002211853108714095 0.004999394012846927 
0.0064234638225669615 0.0029087383347473033 0.005029693370500545 
0.007605138771058053 0.0031208338383226274 0.0051205914434613985 
0.006393164464913344 0.0028481396194400678 0.004756999151617986 
0.00630226639195249 0.002787540904132832 0.0038177190643558356 
0.005423585019997576 0.0029087383347473033 0.0042722094291601015 
0.006211368318991637 0.003514725487819658 0.0037874197067022178 
0.005302387589383105 0.003545024845473276 0.003332929341897952 
0.005817476669494607 0.002787540904132832 0.0030299357653617745 
0.005362986304690341 0.0019391588898315356 0.0028784389770936856 
0.0048175978669252216 0.002211853108714095 0.002575445400557508 
0.005029693370500545 0.0024239486122894197 0.00281784026178645 
0.006090170888377167 0.0018179614592170646 0.002030056962792389 
0.004938795297539692 0.0014240698097200339 0.002242152466367713 
0.004060113925584778 0.0018179614592170646 0.0019391588898315356 
0.00402981456793116 0.001181674948491092 0.002030056962792389 
0.004120712640892013 0.001060477517876621 0.001757362743909829 
0.005150890801115016 9.089807296085323E-4 0.0021512543934068596 
0.0036056235607805115 9.089807296085323E-4 0.0017270633862562113 
0.0029087383347473033 7.877832989940613E-4 0.0017270633862562113 
0.0030299357653617745 0.0012119743061447098 0.0017270633862562113 
0.0025451460429038904 8.180826566476791E-4 0.0012422736637983274 
0.002030056962792389 0.0010301781602230034 0.001666464670948976 
0.0021512543934068596 9.3928008726215E-4 0.0014846685250272695 
0.001999757605138771 9.3928008726215E-4 0.0013634710944127985 
0.001666464670948976 7.877832989940613E-4 0.0011210762331838565 
0.0012422736637983274 8.483820143012969E-4 0.001060477517876621 
0.0011513755908374743 6.059871530723549E-4 7.271845836868258E-4 
8.786813719549145E-4 5.453884377651194E-4 0.0015452672403345048 
0.0014240698097200339 7.271845836868258E-4 0.0010907768755302387 
0.001060477517876621 5.150890801115017E-4 7.574839413404436E-4 
0.0016058659556417404 7.574839413404436E-4 0.0012725730214519452 
0.001757362743909829 5.150890801115017E-4 0.0012119743061447098 
0.0020906556780996245 6.665858683795904E-4 0.0013331717367591808 
0.0013331717367591808 7.271845836868258E-4 0.0012119743061447098 
0.0018482608168706824 9.3928008726215E-4 0.0011210762331838565 
0.0026360441158647437 0.001302872379105563 0.0015452672403345048 
0.0030602351230153923 0.001393770452066416 0.002575445400557508 
0.003181432553629863 0.0013634710944127985 0.002605744758211126 
0.004211610713852866 0.001757362743909829 0.004332808144467337 
0.005968973457762696 0.004060113925584778 0.005211489516422252 
0.011786450127257302 0.006059871530723549 0.018815901102896618 
0.016997939643679554 0.017634226154405526 0.01717973578960126 
0.04287359107986911 0.05238758938310508 0.03996485274512181 
0.009635195733850443 0.011150163616531329 0.005090292085807781 
0.00442370621742819 0.005332686947036723 0.004211610713852866 
0.004575203005696279 0.0024239486122894197 0.0021815537510604774 
0.0028481396194400678 0.0022724518240213308 0.0028481396194400678 
0.0018179614592170646 0.0012119743061447098 0.001757362743909829 
0.0016058659556417404 0.0011210762331838565 0.0018179614592170646 
0.0010301781602230034 7.877832989940613E-4 0.0015149678826808872 
7.877832989940613E-4 0.001181674948491092 0.0010301781602230034 
7.574839413404436E-4 7.271845836868258E-4 8.786813719549145E-4 
5.756877954187371E-4 7.271845836868258E-4 4.847897224578839E-4 
5.756877954187371E-4 4.2419100715064843E-4 5.150890801115017E-4 
7.271845836868258E-4 2.4239486122894195E-4 5.756877954187371E-4 
4.847897224578839E-4 2.726942188825597E-4 6.362865107259726E-4 
4.847897224578839E-4 2.726942188825597E-4 7.877832989940613E-4 
3.332929341897952E-4 1.5149678826808873E-4 4.2419100715064843E-4 
4.2419100715064843E-4 1.2119743061447097E-4 2.4239486122894195E-4 
3.9389164949703065E-4 6.0598715307235486E-5 2.1209550357532422E-4 
3.9389164949703065E-4 1.2119743061447097E-4 2.1209550357532422E-4 
3.9389164949703065E-4 1.8179614592170646E-4 2.726942188825597E-4 
2.726942188825597E-4 6.0598715307235486E-5 1.2119743061447097E-4 
2.4239486122894195E-4 6.0598715307235486E-5 1.2119743061447097E-4 
3.332929341897952E-4 3.0299357653617743E-5 1.2119743061447097E-4 
1.8179614592170646E-4 3.0299357653617743E-5 9.089807296085323E-5 
3.0299357653617746E-4 0.0 6.0598715307235486E-5 
2.4239486122894195E-4 6.0598715307235486E-5 1.2119743061447097E-4 
2.1209550357532422E-4 3.0299357653617743E-5 3.0299357653617743E-5 
1.2119743061447097E-4 3.0299357653617743E-5 0.0 
1.2119743061447097E-4 0.0 3.0299357653617743E-5 
1.2119743061447097E-4 0.0 0.0 
9.089807296085323E-4 6.0598715307235486E-5 1.5149678826808873E-4 
