0.036541025330262995 0.033480790207247604 0.030026663434735184 
0.03648042661495576 0.03717731184098897 0.029450975639316448 
0.027723912253060236 0.028693491697976 0.02563325657496061 
0.018179614592170646 0.022603320809598836 0.01584656405284208 
0.015089080111501636 0.018603805599321295 0.012453035995636892 
0.012271239849715187 0.017088837716640406 0.011119864258877711 
0.010453278390498122 0.015058780753848018 0.00927160344200703 
0.008605017573627438 0.012816628287480305 0.01181674948491092 
0.0074233426251363475 0.011210762331838564 0.00912010665373894 
0.007635438128711671 0.009665495091504061 0.011301660404799418 
0.007271845836868259 0.007938431705247849 0.009756393164464913 
0.006968852260332081 0.008423221427705732 0.010119985456308326 
0.006877954187371227 0.008635316931281056 0.009059507938431705 
0.005999272815416313 0.00899890922312447 0.008514119500666585 
0.006211368318991637 0.00778693491697976 0.009089807296085323 
0.005726578596533753 0.008180826566476791 0.008665616288934674 
0.006150769603684402 0.008089928493515938 0.007968731062901467 
0.005726578596533753 0.00739304326748273 0.00884741243485638 
0.005484183735304812 0.007665737486365289 0.008756514361895527 
0.0052720882317294875 0.007059750333292934 0.008756514361895527 
0.004938795297539692 0.006877954187371227 0.00805962913586232 
0.0048175978669252216 0.006665858683795904 0.007696036844018907 
0.004847897224578839 0.006090170888377167 0.008271724639437645 
0.004756999151617986 0.005453884377651194 0.007211247121561023 
0.004181311356199249 0.0058477760271482245 0.007544540055750818 
0.004241910071506484 0.0056962792388801356 0.0058477760271482245 
0.003514725487819658 0.005150890801115016 0.006817355472063992 
0.0034541267725124226 0.005059992728154163 0.006029572173069931 
0.0035753242031268937 0.004302508786813719 0.005878075384801842 
0.003332929341897952 0.004060113925584778 0.005423585019997576 
0.0034844261301660404 0.003999515210277542 0.005817476669494607 
0.0034844261301660404 0.003545024845473276 0.005150890801115016 
0.003423827414858805 0.003878317779663071 0.004726699793964368 
0.003332929341897952 0.003666222276087747 0.004575203005696279 
0.0036359229184341293 0.003302629984244334 0.00442370621742819 
0.0034844261301660404 0.0028481396194400678 0.00442370621742819 
0.003999515210277542 0.003696521633741365 0.0032723306265907163 
0.0032420312689370985 0.0029996364077081567 0.0038177190643558356 
0.0031208338383226274 0.0026966428311719793 0.003332929341897952 
0.0032723306265907163 0.0026663434735183615 0.0036056235607805115 
0.0029087383347473033 0.002939037692400921 0.0032723306265907163 
0.003908617137316689 0.002969337050054539 0.002726942188825597 
0.003545024845473276 0.002969337050054539 0.002726942188825597 
0.0032723306265907163 0.002454247969943037 0.0029087383347473033 
0.002787540904132832 0.0033632286995515697 0.002787540904132832 
0.003181432553629863 0.0026360441158647437 0.0030602351230153923 
0.0038480184220094533 0.002939037692400921 0.0033632286995515697 
0.0034844261301660404 0.0027572415464792144 0.002969337050054539 
0.0038480184220094533 0.0027572415464792144 0.002969337050054539 
0.0036359229184341293 0.0030602351230153923 0.002787540904132832 
0.004211610713852866 0.0032420312689370985 0.002939037692400921 
0.004151011998545631 0.0029996364077081567 0.0025451460429038904 
0.004181311356199249 0.0024239486122894197 0.002484547327596655 
0.004454005575081808 0.0030905344806690096 0.002726942188825597 
0.004908495939886074 0.0026966428311719793 0.002454247969943037 
0.004938795297539692 0.002575445400557508 0.0028481396194400678 
0.004938795297539692 0.002969337050054539 0.0026966428311719793 
0.005453884377651194 0.002575445400557508 0.002605744758211126 
0.00590837474245546 0.0028481396194400678 0.0024239486122894197 
0.004454005575081808 0.002726942188825597 0.0026360441158647437 
0.004484304932735426 0.0023330505393285663 0.002393649254635802 
0.0038177190643558356 0.0021815537510604774 0.002575445400557508 
0.005514483092958429 0.0023027511816749485 0.0026360441158647437 
0.005090292085807781 0.0020906556780996245 0.002726942188825597 
0.004938795297539692 0.0021815537510604774 0.0029996364077081567 
0.0056962792388801356 0.0018179614592170646 0.002939037692400921 
0.005817476669494607 0.001999757605138771 0.002393649254635802 
0.00657496061083505 0.001999757605138771 0.0030905344806690096 
0.006181068961338019 0.0023330505393285663 0.002454247969943037 
0.005756877954187371 0.0021512543934068596 0.002484547327596655 
0.006635559326142286 0.002211853108714095 0.002726942188825597 
0.00657496061083505 0.002211853108714095 0.002030056962792389 
0.006544661253181433 0.002575445400557508 0.0026360441158647437 
0.00684765482971761 0.002363349896982184 0.002120955035753242 
0.006393164464913344 0.0020603563204460067 0.0028784389770936856 
0.006544661253181433 0.0020906556780996245 0.002454247969943037 
0.006362865107259726 0.002242152466367713 0.0021815537510604774 
0.006484062537874197 0.0018482608168706824 0.0021512543934068596 
0.006332565749606108 0.0023027511816749485 0.0023330505393285663 
0.0069991516179856985 0.002969337050054539 0.0023027511816749485 
0.007847533632286996 0.002030056962792389 0.0023027511816749485 
0.008544418858320203 0.0025148466852502726 0.0025451460429038904 
0.007696036844018907 0.002393649254635802 0.0019694582474851534 
0.008029329778208702 0.002605744758211126 0.0021815537510604774 
0.008120227851169556 0.0027572415464792144 0.002363349896982184 
0.00899890922312447 0.002726942188825597 0.002393649254635802 
0.008665616288934674 0.002242152466367713 0.0019088595321779178 
0.007968731062901467 0.0028784389770936856 0.0018482608168706824 
0.007999030420555085 0.0025148466852502726 0.002030056962792389 
0.008241425281784027 0.003696521633741365 0.001999757605138771 
0.008635316931281056 0.0037571203490486 0.0018482608168706824 
0.008211125924130409 0.0037571203490486 0.0017270633862562113 
0.008271724639437645 0.0045449036480426615 0.001666464670948976 
0.008271724639437645 0.004393406859774573 0.0012725730214519452 
0.008089928493515938 0.005332686947036723 0.001666464670948976 
0.006787056114410375 0.004908495939886074 0.0017270633862562113 
0.006817355472063992 0.006332565749606108 0.0017270633862562113 
0.007211247121561023 0.006362865107259726 0.0015452672403345048 
0.0075142406980972 0.005999272815416313 0.0014240698097200339 
0.006514361895527815 0.008423221427705732 0.002030056962792389 
0.006393164464913344 0.008211125924130409 0.0015452672403345048 
0.006362865107259726 0.008756514361895527 0.001302872379105563 
0.005453884377651194 0.009726093806811295 0.0014240698097200339 
0.005968973457762696 0.011907647557871773 0.0015149678826808872 
0.005665979881226518 0.00978669252211853 0.0016361653132953582 
0.006211368318991637 0.011331959762453036 0.0012725730214519452 
0.005787177311840989 0.012362137922676038 0.0014240698097200339 
0.006635559326142286 0.012937825718094776 0.001181674948491092 
0.00657496061083505 0.012816628287480305 0.0012422736637983274 
0.006726457399103139 0.013089322506362865 9.695794449157678E-4 
0.005726578596533753 0.013452914798206279 0.0012422736637983274 
0.004999394012846927 0.01436189552781481 0.0013331717367591808 
0.00524178887407587 0.011786450127257302 9.3928008726215E-4 
0.0045449036480426615 0.011604653981335596 0.0010301781602230034 
0.004908495939886074 0.011877348200218156 0.0014543691673736517 
0.004332808144467337 0.010907768755302388 0.0010301781602230034 
0.003999515210277542 0.012059144346139862 0.0010907768755302387 
0.0042722094291601015 0.01048357774815174 0.001060477517876621 
0.0039692158526239245 0.01048357774815174 0.0010301781602230034 
0.0037571203490486 0.0107562719670343 0.0012422736637983274 
0.003545024845473276 0.010362380317537268 0.0011513755908374743 
0.003151133195976245 0.009453399587928736 0.0016058659556417404 
0.003302629984244334 0.009211004726699794 0.0017876621015634469 
0.0028784389770936856 0.008605017573627438 0.0023027511816749485 
0.0029087383347473033 0.007241546479214641 0.002605744758211126 
0.0028784389770936856 0.007029450975639316 0.002969337050054539 
0.0028784389770936856 0.006453763180220579 0.003181432553629863 
0.003181432553629863 0.005968973457762696 0.004484304932735426 
0.002484547327596655 0.004575203005696279 0.00402981456793116 
0.0031208338383226274 0.005181190158768634 0.005090292085807781 
0.0032117319112834808 0.004332808144467337 0.005514483092958429 
0.0028784389770936856 0.003938916494970307 0.005181190158768634 
0.0028784389770936856 0.0033632286995515697 0.006332565749606108 
0.0028481396194400678 0.0034541267725124226 0.005332686947036723 
0.0025148466852502726 0.0029996364077081567 0.006241667676645255 
0.0028784389770936856 0.0025451460429038904 0.006150769603684402 
0.0027572415464792144 0.0024239486122894197 0.007877832989940613 
0.0031208338383226274 0.0025148466852502726 0.0077263362016725245 
0.002120955035753242 0.0020906556780996245 0.010271482244576415 
0.0024239486122894197 0.0020603563204460067 0.011241061689492182 
0.0026966428311719793 0.002030056962792389 0.011937946915525391 
0.0026360441158647437 0.002030056962792389 0.012180341776754334 
0.002120955035753242 0.0019694582474851534 0.013059023148709248 
0.002605744758211126 0.0014846685250272695 0.011210762331838564 
0.0020603563204460067 0.0015452672403345048 0.010635074536419828 
0.0021815537510604774 0.0014543691673736517 0.011786450127257302 
0.002484547327596655 0.001302872379105563 0.010119985456308326 
0.002726942188825597 0.0010907768755302387 0.009665495091504061 
0.0027572415464792144 9.998788025693856E-4 0.011998545630832627 
0.0026663434735183615 0.0011513755908374743 0.01005938674100109 
0.0022724518240213308 0.001060477517876621 0.009362501514967883 
0.0024239486122894197 0.0011210762331838565 0.010574475821112593 
0.002211853108714095 0.0011210762331838565 0.011119864258877711 
0.002030056962792389 8.786813719549145E-4 0.010301781602230033 
0.0022724518240213308 0.0011513755908374743 0.011847048842564538 
0.0022724518240213308 0.0010907768755302387 0.00899890922312447 
0.0023027511816749485 6.362865107259726E-4 0.009423100230275119 
0.001999757605138771 7.271845836868258E-4 0.00805962913586232 
0.0020906556780996245 9.3928008726215E-4 0.008271724639437645 
0.0019391588898315356 8.483820143012969E-4 0.006908253545024845 
0.0016967640286025937 9.998788025693856E-4 0.006332565749606108 
0.0013634710944127985 7.574839413404436E-4 0.0066961580414495216 
0.0015755665979881226 8.786813719549145E-4 0.005423585019997576 
0.0017270633862562113 0.0010301781602230034 0.005393285662343959 
0.0015149678826808872 6.665858683795904E-4 0.00469640043631075 
0.0015755665979881226 7.574839413404436E-4 0.004181311356199249 
0.0015452672403345048 0.001060477517876621 0.0037874197067022178 
9.3928008726215E-4 6.362865107259726E-4 0.004151011998545631 
0.0011513755908374743 6.665858683795904E-4 0.003726820991394982 
9.998788025693856E-4 9.089807296085323E-4 0.003302629984244334 
0.0015149678826808872 6.362865107259726E-4 0.0028784389770936856 
0.0017270633862562113 6.96885226033208E-4 0.0027572415464792144 
0.0011513755908374743 6.059871530723549E-4 0.0032723306265907163 
9.089807296085323E-4 7.877832989940613E-4 0.002120955035753242 
0.0011210762331838565 7.877832989940613E-4 0.0023027511816749485 
9.089807296085323E-4 0.0014240698097200339 0.0020603563204460067 
0.0012725730214519452 7.574839413404436E-4 0.0021815537510604774 
0.001181674948491092 9.3928008726215E-4 0.002120955035753242 
0.0011210762331838565 9.695794449157678E-4 0.0012422736637983274 
0.0011210762331838565 8.786813719549145E-4 0.0012725730214519452 
0.0011513755908374743 8.483820143012969E-4 0.0011210762331838565 
9.998788025693856E-4 8.483820143012969E-4 0.001302872379105563 
7.877832989940613E-4 0.0012119743061447098 0.0013331717367591808 
0.0013331717367591808 8.786813719549145E-4 0.0012725730214519452 
0.001181674948491092 0.0011210762331838565 9.3928008726215E-4 
0.0012725730214519452 9.695794449157678E-4 0.001181674948491092 
0.0010301781602230034 0.001060477517876621 0.0014240698097200339 
0.0010301781602230034 0.0010907768755302387 0.001393770452066416 
0.0010301781602230034 0.001181674948491092 0.0014240698097200339 
0.0013331717367591808 8.180826566476791E-4 0.0016361653132953582 
0.0013634710944127985 9.695794449157678E-4 0.001393770452066416 
9.3928008726215E-4 0.0012725730214519452 0.001666464670948976 
0.0014240698097200339 5.453884377651194E-4 0.001666464670948976 
0.0015755665979881226 7.574839413404436E-4 0.0018179614592170646 
0.0016361653132953582 9.3928008726215E-4 0.002363349896982184 
0.002120955035753242 9.3928008726215E-4 0.0019391588898315356 
0.0018482608168706824 9.3928008726215E-4 0.001999757605138771 
0.0017876621015634469 0.0013331717367591808 0.0021512543934068596 
0.0018785601745243 0.002211853108714095 0.0029996364077081567 
0.002211853108714095 0.002242152466367713 0.0025451460429038904 
0.0017876621015634469 0.0020906556780996245 0.0024239486122894197 
0.0016967640286025937 0.002242152466367713 0.0028481396194400678 
0.0018482608168706824 0.002363349896982184 0.0029996364077081567 
0.0020906556780996245 0.0022724518240213308 0.0025451460429038904 
0.0019694582474851534 0.002393649254635802 0.0023027511816749485 
0.002120955035753242 0.0022724518240213308 0.0020603563204460067 
0.0018785601745243 0.002242152466367713 0.0022724518240213308 
0.001757362743909829 0.002030056962792389 0.0015452672403345048 
0.0019088595321779178 0.0016967640286025937 0.0025148466852502726 
0.002120955035753242 0.0012119743061447098 0.002211853108714095 
0.0021512543934068596 0.0016967640286025937 0.0019088595321779178 
0.0016058659556417404 0.0013331717367591808 0.0025451460429038904 
0.0021512543934068596 0.0014240698097200339 0.0019694582474851534 
0.0018482608168706824 0.0015149678826808872 0.00281784026178645 
0.0021815537510604774 0.002242152466367713 0.0017270633862562113 
0.0023027511816749485 0.0022724518240213308 0.0015452672403345048 
0.0019391588898315356 0.002211853108714095 0.0016361653132953582 
0.0015755665979881226 0.002030056962792389 0.0013634710944127985 
0.0015149678826808872 0.0013634710944127985 0.001393770452066416 
0.001666464670948976 0.0014846685250272695 0.001302872379105563 
0.001393770452066416 0.0010301781602230034 0.0013331717367591808 
9.695794449157678E-4 7.574839413404436E-4 0.0010301781602230034 
0.0012725730214519452 9.998788025693856E-4 7.574839413404436E-4 
0.0013634710944127985 6.96885226033208E-4 9.089807296085323E-4 
0.0012422736637983274 6.96885226033208E-4 5.453884377651194E-4 
9.3928008726215E-4 7.877832989940613E-4 6.362865107259726E-4 
7.877832989940613E-4 6.665858683795904E-4 5.150890801115017E-4 
9.695794449157678E-4 6.665858683795904E-4 4.2419100715064843E-4 
5.756877954187371E-4 3.635922918434129E-4 2.1209550357532422E-4 
3.9389164949703065E-4 3.635922918434129E-4 2.1209550357532422E-4 
9.089807296085323E-4 1.5149678826808873E-4 3.9389164949703065E-4 
8.483820143012969E-4 1.2119743061447097E-4 1.2119743061447097E-4 
4.2419100715064843E-4 2.4239486122894195E-4 2.1209550357532422E-4 
3.9389164949703065E-4 3.332929341897952E-4 2.1209550357532422E-4 
2.726942188825597E-4 1.5149678826808873E-4 2.1209550357532422E-4 
2.4239486122894195E-4 9.089807296085323E-5 2.1209550357532422E-4 
4.2419100715064843E-4 3.0299357653617743E-5 9.089807296085323E-5 
3.332929341897952E-4 9.089807296085323E-5 3.0299357653617743E-5 
2.1209550357532422E-4 9.089807296085323E-5 9.089807296085323E-5 
2.726942188825597E-4 2.4239486122894195E-4 1.2119743061447097E-4 
1.8179614592170646E-4 0.0 9.089807296085323E-5 
3.0299357653617746E-4 1.2119743061447097E-4 9.089807296085323E-5 
1.8179614592170646E-4 0.0 9.089807296085323E-5 
1.5149678826808873E-4 0.0 9.089807296085323E-5 
9.089807296085323E-5 3.0299357653617743E-5 3.0299357653617743E-5 
2.1209550357532422E-4 3.0299357653617743E-5 6.0598715307235486E-5 
2.1209550357532422E-4 6.0598715307235486E-5 3.0299357653617743E-5 
9.089807296085323E-5 3.0299357653617743E-5 6.0598715307235486E-5 
3.0299357653617746E-4 3.0299357653617743E-5 0.0 
1.5149678826808873E-4 0.0 0.0 
2.1209550357532422E-4 0.0 3.0299357653617743E-5 
3.0299357653617743E-5 3.0299357653617743E-5 0.0 
9.089807296085323E-5 3.0299357653617743E-5 3.0299357653617743E-5 
9.089807296085323E-5 0.0 0.0 
3.0299357653617743E-5 0.0 3.0299357653617743E-5 
7.271845836868258E-4 0.0 0.0 
