0.07332444552175493 0.0927160344200703 0.07268815901102897 
0.02805720518725003 0.04190401163495334 0.01624045570233911 
0.019755181190158767 0.035541146527693614 0.026330141800993818 
0.019785480547812387 0.028026905829596414 0.020391467700884743 
0.015331474972730578 0.018603805599321295 0.0262998424433402 
0.011210762331838564 0.014543691673736517 0.02566355593261423 
0.012695430856865834 0.011847048842564538 0.017513028723791055 
0.010786571324687917 0.010968367470609624 0.013119621864016483 
0.009968488668040237 0.01060477517876621 0.010968367470609624 
0.00778693491697976 0.00899890922312447 0.008908011150163616 
0.008150527208823173 0.00778693491697976 0.007908132347594231 
0.006271967034298873 0.007029450975639316 0.0069991516179856985 
0.005726578596533753 0.007302145194521876 0.006393164464913344 
0.005484183735304812 0.006029572173069931 0.005302387589383105 
0.005211489516422252 0.0061204702460307845 0.005453884377651194 
0.005059992728154163 0.005575081808265664 0.005059992728154163 
0.005211489516422252 0.0058477760271482245 0.005756877954187371 
0.004726699793964368 0.005605381165919282 0.004938795297539692 
0.005150890801115016 0.0056962792388801356 0.004666101078657133 
0.004060113925584778 0.005575081808265664 0.00469640043631075 
0.004666101078657133 0.004575203005696279 0.00442370621742819 
0.004514604290389044 0.005484183735304812 0.003726820991394982 
0.00496909465519331 0.005181190158768634 0.003938916494970307 
0.005332686947036723 0.004726699793964368 0.004635801721003515 
0.004514604290389044 0.004787298509271604 0.004181311356199249 
0.004999394012846927 0.004847897224578839 0.005029693370500545 
0.00496909465519331 0.00496909465519331 0.005544782450612047 
0.0056356805235729 0.004726699793964368 0.005514483092958429 
0.005302387589383105 0.004908495939886074 0.004787298509271604 
0.004302508786813719 0.005332686947036723 0.0056356805235729 
0.005362986304690341 0.005756877954187371 0.005787177311840989 
0.005090292085807781 0.005665979881226518 0.005332686947036723 
0.004999394012846927 0.005181190158768634 0.004847897224578839 
0.005090292085807781 0.006029572173069931 0.00590837474245546 
0.0056962792388801356 0.006817355472063992 0.006241667676645255 
0.005484183735304812 0.007029450975639316 0.006756756756756757 
0.005999272815416313 0.008029329778208702 0.005756877954187371 
0.005181190158768634 0.006968852260332081 0.006211368318991637 
0.005968973457762696 0.008211125924130409 0.007696036844018907 
0.006181068961338019 0.00912010665373894 0.006877954187371227 
0.006877954187371227 0.008756514361895527 0.006484062537874197 
0.006665858683795904 0.008544418858320203 0.007241546479214641 
0.00657496061083505 0.01005938674100109 0.007271845836868259 
0.006817355472063992 0.00993818931038662 0.0064234638225669615 
0.006908253545024845 0.010362380317537268 0.007635438128711671 
0.006817355472063992 0.0112713610471458 0.007271845836868259 
0.00884741243485638 0.011513755908374742 0.007362743909829112 
0.007483941340443582 0.011180462974184947 0.00778693491697976 
0.007877832989940613 0.010665373894073446 0.00739304326748273 
0.006938552902678463 0.0131499212216701 0.007453641982789964 
0.006605259968488668 0.01154405526602836 0.007756635559326142 
0.006059871530723549 0.012210641134407951 0.007756635559326142 
0.0048175978669252216 0.012846927645133923 0.008211125924130409 
0.005181190158768634 0.012240940492061569 0.007908132347594231 
0.0051205914434613985 0.012059144346139862 0.007453641982789964 
0.005090292085807781 0.010665373894073446 0.00857471821597382 
0.004787298509271604 0.010241182886922797 0.008120227851169556 
0.004514604290389044 0.010362380317537268 0.007635438128711671 
0.004393406859774573 0.007877832989940613 0.007635438128711671 
0.003726820991394982 0.007938431705247849 0.006756756756756757 
0.0037571203490486 0.0071506484062537875 0.007302145194521876 
0.0037874197067022178 0.005423585019997576 0.0069991516179856985 
0.0038480184220094533 0.006211368318991637 0.006362865107259726 
0.00402981456793116 0.004938795297539692 0.008302023997091262 
0.003514725487819658 0.004878196582232456 0.006605259968488668 
0.003181432553629863 0.003908617137316689 0.007271845836868259 
0.003151133195976245 0.004241910071506484 0.006787056114410375 
0.003545024845473276 0.0032117319112834808 0.005787177311840989 
0.0030602351230153923 0.0034844261301660404 0.00657496061083505 
0.003878317779663071 0.0032723306265907163 0.0069991516179856985 
0.003332929341897952 0.003151133195976245 0.00833232335474488 
0.0038177190643558356 0.0028481396194400678 0.007847533632286996 
0.0030299357653617745 0.003332929341897952 0.007696036844018907 
0.003181432553629863 0.0033632286995515697 0.00872621500424191 
0.0037571203490486 0.002939037692400921 0.008817113077202763 
0.0036056235607805115 0.0030905344806690096 0.008302023997091262 
0.003666222276087747 0.0036359229184341293 0.00884741243485638 
0.004090413283238396 0.003332929341897952 0.00684765482971761 
0.003423827414858805 0.002939037692400921 0.0071506484062537875 
0.0033632286995515697 0.0032117319112834808 0.0064234638225669615 
0.003696521633741365 0.0034844261301660404 0.004756999151617986 
0.0036359229184341293 0.0029996364077081567 0.005726578596533753 
0.0032420312689370985 0.0025451460429038904 0.004484304932735426 
0.0037874197067022178 0.0034844261301660404 0.004181311356199249 
0.00402981456793116 0.0033935280572051875 0.0038177190643558356 
0.004393406859774573 0.0029996364077081567 0.0036359229184341293 
0.003514725487819658 0.003151133195976245 0.0030602351230153923 
0.004120712640892013 0.002969337050054539 0.00281784026178645 
0.004151011998545631 0.002605744758211126 0.0030905344806690096 
0.004090413283238396 0.0033935280572051875 0.0032420312689370985 
0.004302508786813719 0.0032723306265907163 0.0031208338383226274 
0.004181311356199249 0.0026663434735183615 0.0028481396194400678 
0.00442370621742819 0.003151133195976245 0.003332929341897952 
0.004666101078657133 0.0028784389770936856 0.0026966428311719793 
0.004908495939886074 0.00281784026178645 0.003181432553629863 
0.005090292085807781 0.0031208338383226274 0.0025451460429038904 
0.005393285662343959 0.0026966428311719793 0.002454247969943037 
0.004938795297539692 0.0027572415464792144 0.0030299357653617745 
0.005787177311840989 0.002575445400557508 0.002787540904132832 
0.005665979881226518 0.002484547327596655 0.0027572415464792144 
0.005605381165919282 0.0026966428311719793 0.0032420312689370985 
0.005029693370500545 0.0027572415464792144 0.0029087383347473033 
0.004999394012846927 0.0026966428311719793 0.003545024845473276 
0.006484062537874197 0.0023330505393285663 0.0028784389770936856 
0.005756877954187371 0.002454247969943037 0.002787540904132832 
0.006029572173069931 0.0027572415464792144 0.003302629984244334 
0.005362986304690341 0.0021512543934068596 0.0035753242031268937 
0.0056356805235729 0.0025148466852502726 0.0030602351230153923 
0.005817476669494607 0.0025148466852502726 0.002787540904132832 
0.006726457399103139 0.0027572415464792144 0.002969337050054539 
0.005393285662343959 0.0020906556780996245 0.0032723306265907163 
0.0066961580414495216 0.0024239486122894197 0.0029087383347473033 
0.006726457399103139 0.0018179614592170646 0.0032117319112834808 
0.005302387589383105 0.0022724518240213308 0.0027572415464792144 
0.006211368318991637 0.001999757605138771 0.0028481396194400678 
0.006241667676645255 0.0024239486122894197 0.002969337050054539 
0.005999272815416313 0.002454247969943037 0.00281784026178645 
0.005544782450612047 0.0019694582474851534 0.002787540904132832 
0.005817476669494607 0.0020603563204460067 0.0030299357653617745 
0.005544782450612047 0.0026360441158647437 0.003302629984244334 
0.00496909465519331 0.0018785601745243 0.0029996364077081567 
0.004181311356199249 0.0021815537510604774 0.0025451460429038904 
0.004302508786813719 0.0013634710944127985 0.002575445400557508 
0.004120712640892013 0.0018785601745243 0.002726942188825597 
0.004756999151617986 0.0019088595321779178 0.0027572415464792144 
0.003666222276087747 0.0019694582474851534 0.0026360441158647437 
0.0036056235607805115 0.0015149678826808872 0.0025148466852502726 
0.003545024845473276 0.002211853108714095 0.0029087383347473033 
0.003545024845473276 0.0023330505393285663 0.0022724518240213308 
0.003545024845473276 0.0014543691673736517 0.002575445400557508 
0.003302629984244334 0.0020603563204460067 0.0026360441158647437 
0.0034844261301660404 0.0018785601745243 0.0021815537510604774 
0.0032723306265907163 0.0015452672403345048 0.002393649254635802 
0.0028784389770936856 0.0012119743061447098 0.0020603563204460067 
0.0032420312689370985 0.0018482608168706824 0.0020906556780996245 
0.0035753242031268937 0.0014240698097200339 0.0021512543934068596 
0.0029996364077081567 0.0018179614592170646 0.0017270633862562113 
0.003696521633741365 0.0015755665979881226 0.0015755665979881226 
0.003423827414858805 0.0010907768755302387 0.0018179614592170646 
0.003726820991394982 0.0016058659556417404 0.0015755665979881226 
0.003151133195976245 0.0011513755908374743 0.0019391588898315356 
0.0033935280572051875 0.001666464670948976 0.001757362743909829 
0.0033632286995515697 0.0017270633862562113 0.0019694582474851534 
0.0033632286995515697 0.0012422736637983274 0.0015755665979881226 
0.0030602351230153923 0.001757362743909829 0.0016361653132953582 
0.003151133195976245 0.0016361653132953582 0.0015755665979881226 
0.0029996364077081567 9.998788025693856E-4 0.0014240698097200339 
0.002484547327596655 0.0016058659556417404 0.0016058659556417404 
0.0025148466852502726 9.695794449157678E-4 0.0017270633862562113 
0.0029996364077081567 0.0013331717367591808 0.0021815537510604774 
0.0020603563204460067 0.0012422736637983274 0.0011210762331838565 
0.0030905344806690096 0.0012725730214519452 0.0016361653132953582 
0.0026360441158647437 0.0014240698097200339 0.0013634710944127985 
0.003151133195976245 0.0014240698097200339 0.0013634710944127985 
0.002454247969943037 0.0010907768755302387 0.0015755665979881226 
0.00281784026178645 0.0013634710944127985 0.0015755665979881226 
0.0021512543934068596 0.0011513755908374743 0.0013634710944127985 
0.001999757605138771 0.0012119743061447098 0.001999757605138771 
0.0023027511816749485 0.0012725730214519452 0.002242152466367713 
0.0019694582474851534 9.998788025693856E-4 0.0014543691673736517 
0.0018179614592170646 0.001181674948491092 0.001302872379105563 
0.0014846685250272695 9.998788025693856E-4 0.0014240698097200339 
0.0013634710944127985 0.0010301781602230034 0.0017876621015634469 
0.001302872379105563 0.0011210762331838565 0.0014846685250272695 
0.0011210762331838565 8.483820143012969E-4 0.0016967640286025937 
0.0012422736637983274 0.0010301781602230034 0.0020603563204460067 
8.786813719549145E-4 9.695794449157678E-4 0.002030056962792389 
0.001393770452066416 0.001060477517876621 0.0018785601745243 
0.001060477517876621 0.0011513755908374743 0.002605744758211126 
0.001181674948491092 0.0011513755908374743 0.0024239486122894197 
0.0010301781602230034 0.0010301781602230034 0.0026663434735183615 
0.0010907768755302387 0.0011210762331838565 0.0033935280572051875 
9.998788025693856E-4 0.001181674948491092 0.0032420312689370985 
9.089807296085323E-4 0.0013634710944127985 0.0034844261301660404 
9.3928008726215E-4 8.786813719549145E-4 0.0028784389770936856 
0.001060477517876621 0.0011210762331838565 0.00281784026178645 
0.0011513755908374743 0.001757362743909829 0.0034844261301660404 
0.0016058659556417404 0.0017876621015634469 0.003423827414858805 
0.0014543691673736517 0.0021815537510604774 0.0038177190643558356 
0.0012725730214519452 0.0027572415464792144 0.0030299357653617745 
0.0017270633862562113 0.0023330505393285663 0.003151133195976245 
0.0022724518240213308 0.0029087383347473033 0.0030905344806690096 
0.0020906556780996245 0.003666222276087747 0.003726820991394982 
0.0026360441158647437 0.004060113925584778 0.0033935280572051875 
0.0030905344806690096 0.00402981456793116 0.0027572415464792144 
0.0030299357653617745 0.0036056235607805115 0.0028481396194400678 
0.0031208338383226274 0.0037571203490486 0.0018482608168706824 
0.0032723306265907163 0.004241910071506484 0.0015755665979881226 
0.003423827414858805 0.003999515210277542 0.0015755665979881226 
0.003545024845473276 0.0033935280572051875 0.0016967640286025937 
0.0036359229184341293 0.00281784026178645 0.0010301781602230034 
0.0032117319112834808 0.0026966428311719793 0.0012725730214519452 
0.0029996364077081567 0.0018785601745243 0.0011210762331838565 
0.0029996364077081567 0.002242152466367713 9.089807296085323E-4 
0.0025451460429038904 0.0023027511816749485 0.0011513755908374743 
0.0029087383347473033 0.0016361653132953582 6.059871530723549E-4 
0.002363349896982184 0.0012119743061447098 4.847897224578839E-4 
0.002939037692400921 9.3928008726215E-4 5.453884377651194E-4 
0.0016967640286025937 0.0011210762331838565 5.150890801115017E-4 
0.0019088595321779178 8.180826566476791E-4 3.0299357653617746E-4 
0.0023330505393285663 8.180826566476791E-4 7.271845836868258E-4 
0.0013634710944127985 5.756877954187371E-4 4.5449036480426616E-4 
0.0016058659556417404 6.362865107259726E-4 5.150890801115017E-4 
0.0015149678826808872 6.059871530723549E-4 4.5449036480426616E-4 
0.0015755665979881226 4.2419100715064843E-4 3.0299357653617746E-4 
0.0015755665979881226 6.362865107259726E-4 3.332929341897952E-4 
0.0016967640286025937 3.332929341897952E-4 2.726942188825597E-4 
0.0012725730214519452 2.4239486122894195E-4 3.0299357653617746E-4 
0.001181674948491092 1.8179614592170646E-4 2.726942188825597E-4 
0.0015755665979881226 2.726942188825597E-4 3.332929341897952E-4 
6.665858683795904E-4 1.8179614592170646E-4 1.5149678826808873E-4 
9.998788025693856E-4 2.1209550357532422E-4 1.2119743061447097E-4 
7.271845836868258E-4 6.0598715307235486E-5 1.2119743061447097E-4 
7.574839413404436E-4 0.0 3.0299357653617743E-5 
7.877832989940613E-4 6.0598715307235486E-5 1.5149678826808873E-4 
6.665858683795904E-4 6.0598715307235486E-5 3.0299357653617743E-5 
3.0299357653617746E-4 0.0 6.0598715307235486E-5 
3.332929341897952E-4 3.0299357653617743E-5 6.0598715307235486E-5 
4.5449036480426616E-4 3.0299357653617743E-5 0.0 
3.0299357653617746E-4 0.0 0.0 
3.0299357653617746E-4 3.0299357653617743E-5 0.0 
2.1209550357532422E-4 0.0 3.0299357653617743E-5 
9.089807296085323E-5 0.0 0.0 
2.4239486122894195E-4 0.0 3.0299357653617743E-5 
1.5149678826808873E-4 0.0 3.0299357653617743E-5 
1.5149678826808873E-4 0.0 0.0 
3.0299357653617746E-4 0.0 0.0 
2.1209550357532422E-4 0.0 0.0 
1.5149678826808873E-4 0.0 3.0299357653617743E-5 
9.089807296085323E-5 0.0 0.0 
2.1209550357532422E-4 0.0 0.0 
2.1209550357532422E-4 0.0 0.0 
1.8179614592170646E-4 0.0 0.0 
0.0 0.0 3.0299357653617743E-5 
1.8179614592170646E-4 0.0 0.0 
3.0299357653617743E-5 0.0 0.0 
1.2119743061447097E-4 3.0299357653617743E-5 0.0 
6.0598715307235486E-5 0.0 0.0 
2.4239486122894195E-4 0.0 0.0 
0.0 0.0 0.0 
9.089807296085323E-5 0.0 0.0 
0.0 0.0 0.0 
3.0299357653617743E-5 0.0 0.0 
6.0598715307235486E-5 0.0 0.0 
9.089807296085323E-5 0.0 0.0 
0.0 0.0 0.0 
3.0299357653617743E-5 0.0 0.0 
0.0 0.0 0.0 
0.0 0.0 0.0 
0.0 0.0 0.0 
0.0 0.0 0.0 
0.0 0.0 0.0 
0.0 0.0 0.0 
3.0299357653617743E-5 0.0 0.0 
0.0 0.0 0.0 
0.0 0.0 3.0299357653617743E-5 
