0.03699551569506727 0.07799054660041208 0.04326748272936614 
0.011362259120106653 0.018573506241667675 0.007059750333292934 
0.00912010665373894 0.021451945218761363 0.011907647557871773 
0.010786571324687917 0.0220276330141801 0.008211125924130409 
0.010089686098654708 0.021270149072839657 0.013119621864016483 
0.00857471821597382 0.020906556780996243 0.011028966185916858 
0.009301902799660648 0.01866440431462853 0.012513634710944127 
0.008756514361895527 0.016452551205914434 0.013937704520664162 
0.008241425281784027 0.017119137074294025 0.016270755059992727 
0.006544661253181433 0.015937462125802934 0.016270755059992727 
0.007332444552175494 0.014058901951278633 0.017240334504908496 
0.006787056114410375 0.01302872379105563 0.01748272936613744 
0.006241667676645255 0.012574233426251363 0.016452551205914434 
0.00684765482971761 0.011574354623681978 0.016361653132953582 
0.006393164464913344 0.009907889952733001 0.01663434735183614 
0.005878075384801842 0.009211004726699794 0.014755787177311842 
0.004999394012846927 0.007756635559326142 0.013119621864016483 
0.004575203005696279 0.008423221427705732 0.012665131499212216 
0.004484304932735426 0.008120227851169556 0.012301539207368805 
0.004575203005696279 0.006453763180220579 0.011059265543570476 
0.004151011998545631 0.006484062537874197 0.010968367470609624 
0.00442370621742819 0.006241667676645255 0.00927160344200703 
0.0042722094291601015 0.00524178887407587 0.009211004726699794 
0.004211610713852866 0.005575081808265664 0.00833232335474488 
0.00442370621742819 0.004666101078657133 0.0074233426251363475 
0.004605502363349897 0.004635801721003515 0.007665737486365289 
0.003666222276087747 0.005575081808265664 0.007029450975639316 
0.004454005575081808 0.004575203005696279 0.00684765482971761 
0.004120712640892013 0.003726820991394982 0.00657496061083505 
0.004302508786813719 0.004241910071506484 0.0061204702460307845 
0.003666222276087747 0.004181311356199249 0.0051205914434613985 
0.0042722094291601015 0.004090413283238396 0.005181190158768634 
0.004484304932735426 0.004241910071506484 0.005332686947036723 
0.004060113925584778 0.004211610713852866 0.0048175978669252216 
0.004484304932735426 0.004363107502120955 0.004605502363349897 
0.003878317779663071 0.0033632286995515697 0.0052720882317294875 
0.004181311356199249 0.0038480184220094533 0.004211610713852866 
0.004332808144467337 0.003938916494970307 0.003938916494970307 
0.004575203005696279 0.003938916494970307 0.004181311356199249 
0.004756999151617986 0.004454005575081808 0.005150890801115016 
0.004151011998545631 0.003938916494970307 0.00402981456793116 
0.00469640043631075 0.003545024845473276 0.0045449036480426615 
0.004787298509271604 0.0036056235607805115 0.004514604290389044 
0.004635801721003515 0.0037874197067022178 0.003938916494970307 
0.004666101078657133 0.003151133195976245 0.003514725487819658 
0.004454005575081808 0.0029996364077081567 0.0037571203490486 
0.004635801721003515 0.003696521633741365 0.0033632286995515697 
0.005938674100109078 0.0032723306265907163 0.003332929341897952 
0.005484183735304812 0.0032420312689370985 0.0033632286995515697 
0.005029693370500545 0.0035753242031268937 0.0033632286995515697 
0.00469640043631075 0.003423827414858805 0.003908617137316689 
0.005059992728154163 0.0037571203490486 0.004090413283238396 
0.005999272815416313 0.003696521633741365 0.0030602351230153923 
0.004878196582232456 0.0035753242031268937 0.0036359229184341293 
0.005059992728154163 0.004302508786813719 0.0036359229184341293 
0.0056356805235729 0.0033632286995515697 0.004726699793964368 
0.006211368318991637 0.004151011998545631 0.0037571203490486 
0.005090292085807781 0.0038480184220094533 0.0033935280572051875 
0.005211489516422252 0.0039692158526239245 0.0038177190643558356 
0.004666101078657133 0.0034844261301660404 0.004241910071506484 
0.004847897224578839 0.003696521633741365 0.004120712640892013 
0.0051205914434613985 0.0034541267725124226 0.0032420312689370985 
0.004484304932735426 0.004151011998545631 0.0034844261301660404 
0.00524178887407587 0.003332929341897952 0.0036359229184341293 
0.005150890801115016 0.0036359229184341293 0.0042722094291601015 
0.004908495939886074 0.004120712640892013 0.004181311356199249 
0.005332686947036723 0.003423827414858805 0.00469640043631075 
0.0048175978669252216 0.004484304932735426 0.0038480184220094533 
0.005211489516422252 0.004302508786813719 0.00402981456793116 
0.00496909465519331 0.004090413283238396 0.003908617137316689 
0.005302387589383105 0.004393406859774573 0.004241910071506484 
0.006332565749606108 0.0039692158526239245 0.0039692158526239245 
0.005817476669494607 0.004393406859774573 0.004332808144467337 
0.0058477760271482245 0.0034844261301660404 0.004635801721003515 
0.005484183735304812 0.0033935280572051875 0.004302508786813719 
0.0052720882317294875 0.0035753242031268937 0.004666101078657133 
0.004514604290389044 0.003332929341897952 0.0048175978669252216 
0.004302508786813719 0.003726820991394982 0.004332808144467337 
0.005726578596533753 0.004090413283238396 0.004211610713852866 
0.004302508786813719 0.003726820991394982 0.0045449036480426615 
0.005332686947036723 0.004575203005696279 0.00442370621742819 
0.005181190158768634 0.004151011998545631 0.004363107502120955 
0.006059871530723549 0.004090413283238396 0.00469640043631075 
0.0056962792388801356 0.00402981456793116 0.004575203005696279 
0.006635559326142286 0.003423827414858805 0.00469640043631075 
0.006029572173069931 0.003666222276087747 0.0045449036480426615 
0.006362865107259726 0.0039692158526239245 0.004575203005696279 
0.006059871530723549 0.0038480184220094533 0.004847897224578839 
0.006059871530723549 0.004120712640892013 0.004787298509271604 
0.005756877954187371 0.004151011998545631 0.004181311356199249 
0.00590837474245546 0.003908617137316689 0.0037571203490486 
0.005605381165919282 0.004302508786813719 0.004151011998545631 
0.0056962792388801356 0.004454005575081808 0.004241910071506484 
0.005726578596533753 0.004151011998545631 0.004454005575081808 
0.005999272815416313 0.003545024845473276 0.003696521633741365 
0.006453763180220579 0.004454005575081808 0.0036056235607805115 
0.005544782450612047 0.004120712640892013 0.0037874197067022178 
0.00630226639195249 0.0034844261301660404 0.003938916494970307 
0.005211489516422252 0.003545024845473276 0.0028481396194400678 
0.005544782450612047 0.0036056235607805115 0.003332929341897952 
0.005544782450612047 0.0034844261301660404 0.0038480184220094533 
0.005362986304690341 0.003726820991394982 0.0026966428311719793 
0.006665858683795904 0.004090413283238396 0.0027572415464792144 
0.005999272815416313 0.0032117319112834808 0.0033632286995515697 
0.005787177311840989 0.003181432553629863 0.002939037692400921 
0.0061204702460307845 0.0030299357653617745 0.0031208338383226274 
0.0056356805235729 0.0028784389770936856 0.002605744758211126 
0.006271967034298873 0.0031208338383226274 0.003302629984244334 
0.006241667676645255 0.0032723306265907163 0.0026966428311719793 
0.005999272815416313 0.0023027511816749485 0.0031208338383226274 
0.006271967034298873 0.0030299357653617745 0.002363349896982184 
0.005302387589383105 0.0026966428311719793 0.003302629984244334 
0.005362986304690341 0.002242152466367713 0.0030905344806690096 
0.005787177311840989 0.002393649254635802 0.002726942188825597 
0.004787298509271604 0.0026663434735183615 0.0025148466852502726 
0.005423585019997576 0.002211853108714095 0.0025451460429038904 
0.004908495939886074 0.0023027511816749485 0.002393649254635802 
0.005090292085807781 0.0025148466852502726 0.0030905344806690096 
0.003938916494970307 0.0025148466852502726 0.001999757605138771 
0.00524178887407587 0.0028481396194400678 0.002484547327596655 
0.004454005575081808 0.0026663434735183615 0.002726942188825597 
0.0045449036480426615 0.002211853108714095 0.002484547327596655 
0.004120712640892013 0.0025451460429038904 0.0023027511816749485 
0.004726699793964368 0.0021815537510604774 0.002242152466367713 
0.0034844261301660404 0.0026966428311719793 0.001666464670948976 
0.003999515210277542 0.0025148466852502726 0.0023027511816749485 
0.004090413283238396 0.003151133195976245 0.002242152466367713 
0.0042722094291601015 0.0039692158526239245 0.0023027511816749485 
0.003302629984244334 0.0038480184220094533 0.0019088595321779178 
0.003423827414858805 0.0032117319112834808 0.001999757605138771 
0.003878317779663071 0.005181190158768634 0.002211853108714095 
0.003514725487819658 0.00469640043631075 0.001666464670948976 
0.003181432553629863 0.004120712640892013 0.002484547327596655 
0.002454247969943037 0.005029693370500545 0.0018179614592170646 
0.0032723306265907163 0.005665979881226518 0.0018785601745243 
0.0029996364077081567 0.0056962792388801356 0.0019088595321779178 
0.003302629984244334 0.006029572173069931 0.002030056962792389 
0.0031208338383226274 0.005544782450612047 0.0016967640286025937 
0.003332929341897952 0.004787298509271604 0.0018482608168706824 
0.0032117319112834808 0.004666101078657133 0.0020603563204460067 
0.002726942188825597 0.005605381165919282 0.0021512543934068596 
0.0025148466852502726 0.0056356805235729 0.0022724518240213308 
0.00281784026178645 0.00469640043631075 0.0015755665979881226 
0.0028784389770936856 0.004666101078657133 0.0016967640286025937 
0.0025451460429038904 0.005362986304690341 0.002030056962792389 
0.0031208338383226274 0.004575203005696279 0.002393649254635802 
0.0026966428311719793 0.004363107502120955 0.0019088595321779178 
0.0025148466852502726 0.003878317779663071 0.002363349896982184 
0.0024239486122894197 0.003332929341897952 0.0026360441158647437 
0.00281784026178645 0.0034541267725124226 0.002605744758211126 
0.002242152466367713 0.0030905344806690096 0.0026663434735183615 
0.0029996364077081567 0.0027572415464792144 0.002242152466367713 
0.003302629984244334 0.0029996364077081567 0.0020906556780996245 
0.0030299357653617745 0.002363349896982184 0.0020906556780996245 
0.0031208338383226274 0.0026966428311719793 0.0021512543934068596 
0.0032723306265907163 0.0032420312689370985 0.0020603563204460067 
0.002484547327596655 0.002726942188825597 0.0019088595321779178 
0.003302629984244334 0.002969337050054539 0.002363349896982184 
0.0028481396194400678 0.0025451460429038904 0.0019391588898315356 
0.0037874197067022178 0.0023027511816749485 0.0018482608168706824 
0.0035753242031268937 0.002393649254635802 0.0018785601745243 
0.0035753242031268937 0.002787540904132832 0.0016361653132953582 
0.0034844261301660404 0.002575445400557508 0.002211853108714095 
0.003151133195976245 0.0017270633862562113 0.0016058659556417404 
0.004090413283238396 0.002242152466367713 0.0019391588898315356 
0.0037571203490486 0.0018482608168706824 0.002242152466367713 
0.0036359229184341293 0.0019391588898315356 0.0025148466852502726 
0.004575203005696279 0.001393770452066416 0.0020603563204460067 
0.003726820991394982 0.0021815537510604774 0.0015149678826808872 
0.005332686947036723 0.002242152466367713 0.0025148466852502726 
0.005423585019997576 0.0021815537510604774 0.0020603563204460067 
0.003332929341897952 0.0021512543934068596 0.0019391588898315356 
0.004454005575081808 0.0016967640286025937 0.0016967640286025937 
0.004726699793964368 0.0022724518240213308 0.0018179614592170646 
0.003666222276087747 0.002454247969943037 0.002030056962792389 
0.0036359229184341293 0.001666464670948976 0.0018482608168706824 
0.003666222276087747 0.0018179614592170646 0.002030056962792389 
0.0032117319112834808 0.0017876621015634469 0.0016058659556417404 
0.003302629984244334 0.001666464670948976 0.0016967640286025937 
0.002363349896982184 0.0017876621015634469 0.0019088595321779178 
0.002030056962792389 0.0014240698097200339 0.0013331717367591808 
0.0019694582474851534 0.0015149678826808872 0.0015149678826808872 
0.001999757605138771 0.0017270633862562113 0.0019088595321779178 
0.0017876621015634469 0.0014543691673736517 0.001757362743909829 
0.0017876621015634469 0.0016361653132953582 0.0016361653132953582 
0.0017270633862562113 0.0016058659556417404 0.0016058659556417404 
0.0014543691673736517 0.001302872379105563 0.0016967640286025937 
0.0019694582474851534 0.0013634710944127985 0.0017876621015634469 
0.0015452672403345048 9.695794449157678E-4 0.0018179614592170646 
0.0016361653132953582 0.0014846685250272695 0.0021815537510604774 
0.001666464670948976 0.0012119743061447098 0.0016967640286025937 
0.0021815537510604774 9.998788025693856E-4 0.0017270633862562113 
0.0020603563204460067 0.0016058659556417404 0.0019088595321779178 
0.0011513755908374743 0.0015452672403345048 0.0020906556780996245 
0.0019694582474851534 0.0013634710944127985 0.0025148466852502726 
0.0014240698097200339 0.0010301781602230034 0.002787540904132832 
0.0018482608168706824 0.0014846685250272695 0.003545024845473276 
8.786813719549145E-4 0.0011513755908374743 0.0042722094291601015 
0.0014543691673736517 0.0011513755908374743 0.004514604290389044 
0.0015149678826808872 0.001302872379105563 0.005211489516422252 
0.0015149678826808872 0.0012422736637983274 0.006332565749606108 
0.001666464670948976 0.001302872379105563 0.006635559326142286 
0.001302872379105563 0.0011210762331838565 0.008695915646588292 
0.001666464670948976 0.0011513755908374743 0.008150527208823173 
0.0015452672403345048 0.0013331717367591808 0.0074233426251363475 
0.0015149678826808872 0.0011513755908374743 0.006817355472063992 
0.0015452672403345048 0.0012725730214519452 0.0056356805235729 
0.0011513755908374743 0.0013634710944127985 0.004575203005696279 
0.0016058659556417404 0.001181674948491092 0.002939037692400921 
0.0014846685250272695 0.0010907768755302387 0.0025451460429038904 
0.001181674948491092 0.0012725730214519452 0.0019391588898315356 
0.001181674948491092 0.0012119743061447098 0.0021512543934068596 
0.0014543691673736517 0.0010907768755302387 0.0016361653132953582 
0.0015149678826808872 0.0013331717367591808 0.0013634710944127985 
0.0018179614592170646 0.0012422736637983274 0.0012119743061447098 
0.0017876621015634469 0.0010907768755302387 0.0016361653132953582 
0.0018179614592170646 0.0014240698097200339 0.0017270633862562113 
0.0012119743061447098 0.0012422736637983274 0.0014543691673736517 
0.0015755665979881226 0.0010301781602230034 0.0014543691673736517 
0.001393770452066416 9.3928008726215E-4 0.0015149678826808872 
0.001181674948491092 0.0013331717367591808 0.0011210762331838565 
0.0016058659556417404 0.0012119743061447098 0.0012725730214519452 
0.001757362743909829 0.0012119743061447098 0.0013634710944127985 
0.0015755665979881226 0.0015149678826808872 0.0012119743061447098 
0.0015452672403345048 0.001393770452066416 0.0012422736637983274 
0.0014543691673736517 0.0014846685250272695 0.0011513755908374743 
0.0012119743061447098 0.001060477517876621 0.0013331717367591808 
0.001666464670948976 0.0012725730214519452 0.0015149678826808872 
0.0013331717367591808 0.0012725730214519452 0.001181674948491092 
0.0011210762331838565 0.0013634710944127985 0.001181674948491092 
0.0011210762331838565 0.001393770452066416 9.089807296085323E-4 
0.0014240698097200339 9.998788025693856E-4 0.0011210762331838565 
0.0015149678826808872 0.001060477517876621 0.0013331717367591808 
0.0012725730214519452 0.0010301781602230034 8.786813719549145E-4 
0.001181674948491092 0.001060477517876621 6.665858683795904E-4 
0.0011210762331838565 6.362865107259726E-4 7.574839413404436E-4 
0.0011513755908374743 7.574839413404436E-4 6.362865107259726E-4 
7.877832989940613E-4 6.96885226033208E-4 9.089807296085323E-4 
6.362865107259726E-4 4.2419100715064843E-4 6.362865107259726E-4 
5.453884377651194E-4 6.665858683795904E-4 6.665858683795904E-4 
5.453884377651194E-4 3.332929341897952E-4 6.96885226033208E-4 
7.271845836868258E-4 4.5449036480426616E-4 4.5449036480426616E-4 
3.0299357653617746E-4 3.635922918434129E-4 3.332929341897952E-4 
3.332929341897952E-4 1.8179614592170646E-4 2.726942188825597E-4 
4.847897224578839E-4 3.332929341897952E-4 2.4239486122894195E-4 
2.726942188825597E-4 3.635922918434129E-4 2.4239486122894195E-4 
2.726942188825597E-4 6.0598715307235486E-5 1.8179614592170646E-4 
3.0299357653617746E-4 9.089807296085323E-5 9.089807296085323E-5 
3.0299357653617746E-4 6.0598715307235486E-5 1.2119743061447097E-4 
2.4239486122894195E-4 3.0299357653617743E-5 1.2119743061447097E-4 
3.0299357653617746E-4 1.2119743061447097E-4 1.5149678826808873E-4 
1.8179614592170646E-4 6.0598715307235486E-5 9.089807296085323E-5 
2.1209550357532422E-4 0.0 6.0598715307235486E-5 
1.8179614592170646E-4 0.0 6.0598715307235486E-5 
2.726942188825597E-4 9.089807296085323E-5 0.0 
0.002939037692400921 1.2119743061447097E-4 6.0598715307235486E-5 
