0.103835898678948 0.031511331959762454 0.016997939643679554 
0.02096715549630348 0.012422736637983274 0.0034541267725124226 
0.024118288692279725 0.01530117561507696 0.005544782450612047 
0.021573142649375834 0.017210035147254877 0.005181190158768634 
0.020482365773845594 0.018846200460550237 0.005968973457762696 
0.017391831293176584 0.02175493879529754 0.007090049690946552 
0.014452793600775664 0.021361047145800508 0.0075748394134044356 
0.012028844988486245 0.01908859532177918 0.010968367470609624 
0.011847048842564538 0.01908859532177918 0.009059507938431705 
0.010362380317537268 0.019240092110047267 0.01248333535329051 
0.00912010665373894 0.01839171009574597 0.009877590595079384 
0.00872621500424191 0.01624045570233911 0.010119985456308326 
0.008029329778208702 0.01396800387831778 0.010301781602230033 
0.007665737486365289 0.012059144346139862 0.009877590595079384 
0.006150769603684402 0.009998788025693855 0.010665373894073446 
0.007059750333292934 0.009089807296085323 0.010544176463458975 
0.007090049690946552 0.008695915646588292 0.010453278390498122 
0.00590837474245546 0.0077263362016725245 0.01087746939764877 
0.005999272815416313 0.00833232335474488 0.010089686098654708 
0.005665979881226518 0.008180826566476791 0.011453157193067507 
0.005544782450612047 0.007180947763907405 0.01060477517876621 
0.004878196582232456 0.0064234638225669615 0.008908011150163616 
0.004332808144467337 0.006453763180220579 0.008877711792509999 
0.00469640043631075 0.006484062537874197 0.009513998303235972 
0.0042722094291601015 0.005817476669494607 0.00993818931038662 
0.004726699793964368 0.005484183735304812 0.009332202157314265 
0.003726820991394982 0.0051205914434613985 0.009756393164464913 
0.004181311356199249 0.0048175978669252216 0.009180705369046176 
0.0038480184220094533 0.004756999151617986 0.008211125924130409 
0.004060113925584778 0.0051205914434613985 0.007968731062901467 
0.0042722094291601015 0.004151011998545631 0.008241425281784027 
0.0033935280572051875 0.004151011998545631 0.008271724639437645 
0.004393406859774573 0.003545024845473276 0.0069991516179856985 
0.003696521633741365 0.0035753242031268937 0.006726457399103139 
0.0030905344806690096 0.0039692158526239245 0.006090170888377167 
0.0033632286995515697 0.003999515210277542 0.006968852260332081 
0.003181432553629863 0.0034541267725124226 0.005665979881226518 
0.002939037692400921 0.003545024845473276 0.005817476669494607 
0.002787540904132832 0.004060113925584778 0.005575081808265664 
0.002969337050054539 0.003332929341897952 0.005968973457762696 
0.002969337050054539 0.0034541267725124226 0.006635559326142286 
0.002726942188825597 0.003878317779663071 0.005787177311840989 
0.0027572415464792144 0.004241910071506484 0.005302387589383105 
0.002363349896982184 0.0033935280572051875 0.004726699793964368 
0.0027572415464792144 0.003151133195976245 0.005393285662343959 
0.0025451460429038904 0.003332929341897952 0.005968973457762696 
0.0026966428311719793 0.003181432553629863 0.003999515210277542 
0.0020906556780996245 0.00281784026178645 0.004090413283238396 
0.002454247969943037 0.0032723306265907163 0.004151011998545631 
0.0027572415464792144 0.0033632286995515697 0.003878317779663071 
0.0030602351230153923 0.003151133195976245 0.004120712640892013 
0.0028784389770936856 0.0026360441158647437 0.004211610713852866 
0.002726942188825597 0.0029996364077081567 0.003545024845473276 
0.002939037692400921 0.0028784389770936856 0.0033935280572051875 
0.002575445400557508 0.0024239486122894197 0.003423827414858805 
0.003151133195976245 0.0021815537510604774 0.0032420312689370985 
0.0031208338383226274 0.002454247969943037 0.0036359229184341293 
0.0034844261301660404 0.002605744758211126 0.0034844261301660404 
0.0032117319112834808 0.002242152466367713 0.003181432553629863 
0.0035753242031268937 0.0026360441158647437 0.0029087383347473033 
0.0038177190643558356 0.0019088595321779178 0.002969337050054539 
0.003332929341897952 0.0019088595321779178 0.0031208338383226274 
0.0034844261301660404 0.0026663434735183615 0.0025451460429038904 
0.00402981456793116 0.0021512543934068596 0.002120955035753242 
0.004090413283238396 0.0017876621015634469 0.0024239486122894197 
0.0038177190643558356 0.002454247969943037 0.002484547327596655 
0.0039692158526239245 0.0020906556780996245 0.0023027511816749485 
0.005362986304690341 0.0027572415464792144 0.0020603563204460067 
0.00469640043631075 0.002211853108714095 0.002454247969943037 
0.005756877954187371 0.0024239486122894197 0.002575445400557508 
0.005665979881226518 0.001999757605138771 0.0025148466852502726 
0.0056356805235729 0.0023027511816749485 0.001757362743909829 
0.005514483092958429 0.0021512543934068596 0.002211853108714095 
0.005665979881226518 0.0025148466852502726 0.0017876621015634469 
0.005878075384801842 0.002242152466367713 0.0018785601745243 
0.005999272815416313 0.002242152466367713 0.0016361653132953582 
0.005332686947036723 0.0024239486122894197 0.0016967640286025937 
0.005150890801115016 0.001666464670948976 0.0018482608168706824 
0.005150890801115016 0.002454247969943037 0.001666464670948976 
0.005514483092958429 0.001757362743909829 0.002242152466367713 
0.005029693370500545 0.0019088595321779178 0.002211853108714095 
0.004726699793964368 0.0010907768755302387 0.002030056962792389 
0.006726457399103139 0.0017270633862562113 0.0015755665979881226 
0.004878196582232456 0.0023027511816749485 0.0015452672403345048 
0.005605381165919282 0.0018179614592170646 0.0016967640286025937 
0.005423585019997576 0.0016361653132953582 0.001666464670948976 
0.005150890801115016 0.0018785601745243 0.001757362743909829 
0.00630226639195249 0.0017876621015634469 0.0019694582474851534 
0.006271967034298873 0.0014240698097200339 0.0016967640286025937 
0.0056356805235729 0.001666464670948976 0.0019694582474851534 
0.005059992728154163 0.0016058659556417404 0.0017876621015634469 
0.004211610713852866 0.001757362743909829 0.0018785601745243 
0.004393406859774573 0.0013331717367591808 0.0014846685250272695 
0.004181311356199249 0.0015452672403345048 0.0016967640286025937 
0.004756999151617986 0.0017876621015634469 0.0013634710944127985 
0.0034844261301660404 0.001666464670948976 0.0016361653132953582 
0.004060113925584778 0.0020603563204460067 0.0014240698097200339 
0.004181311356199249 0.0015452672403345048 0.0017876621015634469 
0.003938916494970307 0.0017876621015634469 0.0016967640286025937 
0.003332929341897952 0.0017270633862562113 0.001757362743909829 
0.004151011998545631 0.0018482608168706824 0.001393770452066416 
0.0035753242031268937 0.0016361653132953582 0.001666464670948976 
0.003726820991394982 0.002120955035753242 0.0014240698097200339 
0.003938916494970307 0.002605744758211126 0.0015452672403345048 
0.00402981456793116 0.0016361653132953582 0.0016058659556417404 
0.0036056235607805115 0.0018482608168706824 0.002030056962792389 
0.004090413283238396 0.002393649254635802 0.0015149678826808872 
0.004726699793964368 0.0023027511816749485 0.001666464670948976 
0.003696521633741365 0.0018785601745243 0.0017270633862562113 
0.0026966428311719793 0.0023027511816749485 0.0020906556780996245 
0.0034541267725124226 0.002454247969943037 0.0016361653132953582 
0.003332929341897952 0.0023027511816749485 0.0018785601745243 
0.0034541267725124226 0.0023330505393285663 0.002120955035753242 
0.0030602351230153923 0.0026360441158647437 0.0014846685250272695 
0.002939037692400921 0.002605744758211126 0.0016967640286025937 
0.003302629984244334 0.0029996364077081567 0.0020603563204460067 
0.0028784389770936856 0.002969337050054539 0.001757362743909829 
0.002939037692400921 0.002363349896982184 0.0018179614592170646 
0.0026966428311719793 0.003332929341897952 0.002575445400557508 
0.002393649254635802 0.003423827414858805 0.0017876621015634469 
0.0025148466852502726 0.0032117319112834808 0.0029087383347473033 
0.0035753242031268937 0.0034541267725124226 0.0023027511816749485 
0.0028784389770936856 0.003696521633741365 0.002484547327596655 
0.0025451460429038904 0.0034541267725124226 0.0030905344806690096 
0.0031208338383226274 0.0028481396194400678 0.0028784389770936856 
0.0025148466852502726 0.003332929341897952 0.00281784026178645 
0.0021815537510604774 0.0031208338383226274 0.0028784389770936856 
0.0029996364077081567 0.003545024845473276 0.0033632286995515697 
0.0024239486122894197 0.0030299357653617745 0.0032117319112834808 
0.0021815537510604774 0.0030299357653617745 0.0026360441158647437 
0.0026966428311719793 0.002969337050054539 0.0032117319112834808 
0.002787540904132832 0.003151133195976245 0.003181432553629863 
0.0023027511816749485 0.0031208338383226274 0.003181432553629863 
0.002939037692400921 0.003151133195976245 0.0036359229184341293 
0.0030602351230153923 0.003151133195976245 0.002726942188825597 
0.0030602351230153923 0.0029996364077081567 0.004393406859774573 
0.003999515210277542 0.004332808144467337 0.0037571203490486 
0.0039692158526239245 0.004756999151617986 0.0035753242031268937 
0.0033632286995515697 0.004575203005696279 0.004484304932735426 
0.0039692158526239245 0.005332686947036723 0.004575203005696279 
0.0037571203490486 0.006393164464913344 0.005029693370500545 
0.003545024845473276 0.0064234638225669615 0.005787177311840989 
0.0037571203490486 0.006877954187371227 0.005423585019997576 
0.0038177190643558356 0.009150406011392559 0.006605259968488668 
0.004060113925584778 0.008362622712398498 0.007090049690946552 
0.004060113925584778 0.00857471821597382 0.007211247121561023 
0.00402981456793116 0.010029087383347473 0.007817234274633378 
0.004605502363349897 0.010513877105805357 0.006029572173069931 
0.003878317779663071 0.011756150769603685 0.006787056114410375 
0.00402981456793116 0.010453278390498122 0.0075748394134044356 
0.003666222276087747 0.010392679675190886 0.006665858683795904 
0.0032117319112834808 0.011453157193067507 0.005878075384801842 
0.0030905344806690096 0.010180584171615562 0.00657496061083505 
0.0030905344806690096 0.010847170039995153 0.005938674100109078 
0.0032420312689370985 0.010029087383347473 0.005575081808265664 
0.002969337050054539 0.00993818931038662 0.00590837474245546 
0.0029996364077081567 0.010392679675190886 0.00524178887407587 
0.003514725487819658 0.009574597018543208 0.004908495939886074 
0.0032723306265907163 0.009756393164464913 0.004635801721003515 
0.003423827414858805 0.010422979032844504 0.0045449036480426615 
0.003666222276087747 0.010241182886922797 0.004181311356199249 
0.0038480184220094533 0.008544418858320203 0.0039692158526239245 
0.003514725487819658 0.007908132347594231 0.0039692158526239245 
0.003302629984244334 0.007968731062901467 0.004181311356199249 
0.0038480184220094533 0.007877832989940613 0.004211610713852866 
0.004302508786813719 0.00712034904860017 0.004393406859774573 
0.003726820991394982 0.006544661253181433 0.004393406859774573 
0.004241910071506484 0.006544661253181433 0.004302508786813719 
0.003666222276087747 0.005756877954187371 0.003938916494970307 
0.003938916494970307 0.006211368318991637 0.00402981456793116 
0.0036359229184341293 0.006393164464913344 0.0031208338383226274 
0.004060113925584778 0.005150890801115016 0.0023027511816749485 
0.003878317779663071 0.005968973457762696 0.002605744758211126 
0.004211610713852866 0.005302387589383105 0.0021512543934068596 
0.0048175978669252216 0.005938674100109078 0.0018785601745243 
0.003938916494970307 0.0052720882317294875 0.0016361653132953582 
0.003878317779663071 0.004878196582232456 0.001393770452066416 
0.004514604290389044 0.0056962792388801356 0.0014543691673736517 
0.004635801721003515 0.004181311356199249 0.0010907768755302387 
0.0038480184220094533 0.0038177190643558356 0.0010301781602230034 
0.0035753242031268937 0.0026360441158647437 9.695794449157678E-4 
0.0032723306265907163 0.002393649254635802 0.001181674948491092 
0.003151133195976245 0.0019391588898315356 6.362865107259726E-4 
0.003514725487819658 0.0018179614592170646 8.786813719549145E-4 
0.003696521633741365 8.483820143012969E-4 6.362865107259726E-4 
0.0029996364077081567 4.5449036480426616E-4 9.695794449157678E-4 
0.002605744758211126 5.756877954187371E-4 5.756877954187371E-4 
0.0025451460429038904 5.150890801115017E-4 0.001060477517876621 
0.002787540904132832 5.150890801115017E-4 5.150890801115017E-4 
0.0028481396194400678 2.4239486122894195E-4 8.180826566476791E-4 
0.0026966428311719793 9.089807296085323E-5 5.453884377651194E-4 
0.002363349896982184 1.5149678826808873E-4 7.877832989940613E-4 
0.002120955035753242 1.5149678826808873E-4 7.574839413404436E-4 
0.0020906556780996245 1.8179614592170646E-4 6.665858683795904E-4 
0.0019088595321779178 2.1209550357532422E-4 7.271845836868258E-4 
0.0019088595321779178 1.8179614592170646E-4 0.0012725730214519452 
0.0016967640286025937 1.5149678826808873E-4 7.271845836868258E-4 
0.0017876621015634469 2.1209550357532422E-4 0.001181674948491092 
0.001666464670948976 1.5149678826808873E-4 0.001302872379105563 
0.001393770452066416 9.089807296085323E-5 0.0015149678826808872 
0.001060477517876621 1.8179614592170646E-4 0.0015755665979881226 
7.271845836868258E-4 1.5149678826808873E-4 0.0025148466852502726 
7.574839413404436E-4 6.0598715307235486E-5 0.0027572415464792144 
7.271845836868258E-4 6.0598715307235486E-5 0.002575445400557508 
4.5449036480426616E-4 3.0299357653617743E-5 0.004302508786813719 
7.574839413404436E-4 0.0 0.005090292085807781 
4.5449036480426616E-4 6.0598715307235486E-5 0.006211368318991637 
7.271845836868258E-4 6.0598715307235486E-5 0.006908253545024845 
3.635922918434129E-4 3.0299357653617743E-5 0.0077263362016725245 
3.0299357653617746E-4 9.089807296085323E-5 0.009998788025693855 
2.726942188825597E-4 9.089807296085323E-5 0.009574597018543208 
2.726942188825597E-4 1.5149678826808873E-4 0.009756393164464913 
1.8179614592170646E-4 3.0299357653617743E-5 0.0112713610471458 
2.726942188825597E-4 9.089807296085323E-5 0.010938068112956006 
2.726942188825597E-4 1.5149678826808873E-4 0.009604896376196825 
1.8179614592170646E-4 6.0598715307235486E-5 0.007938431705247849 
2.1209550357532422E-4 6.0598715307235486E-5 0.007302145194521876 
1.8179614592170646E-4 9.089807296085323E-5 0.007968731062901467 
3.332929341897952E-4 1.2119743061447097E-4 0.00978669252211853 
2.726942188825597E-4 1.8179614592170646E-4 0.009968488668040237 
3.635922918434129E-4 2.726942188825597E-4 0.007908132347594231 
2.4239486122894195E-4 3.0299357653617746E-4 0.006938552902678463 
1.5149678826808873E-4 3.332929341897952E-4 0.0069991516179856985 
1.2119743061447097E-4 2.726942188825597E-4 0.0061204702460307845 
2.4239486122894195E-4 2.726942188825597E-4 0.003908617137316689 
1.2119743061447097E-4 1.5149678826808873E-4 0.0025451460429038904 
1.8179614592170646E-4 3.0299357653617746E-4 0.001757362743909829 
2.1209550357532422E-4 3.332929341897952E-4 9.695794449157678E-4 
1.2119743061447097E-4 3.332929341897952E-4 8.786813719549145E-4 
9.089807296085323E-5 2.726942188825597E-4 5.756877954187371E-4 
1.5149678826808873E-4 2.726942188825597E-4 6.96885226033208E-4 
3.0299357653617743E-5 2.1209550357532422E-4 5.150890801115017E-4 
6.0598715307235486E-5 9.089807296085323E-5 5.756877954187371E-4 
6.0598715307235486E-5 2.1209550357532422E-4 4.5449036480426616E-4 
0.0 3.9389164949703065E-4 3.0299357653617746E-4 
6.0598715307235486E-5 1.5149678826808873E-4 3.9389164949703065E-4 
6.0598715307235486E-5 2.1209550357532422E-4 3.0299357653617746E-4 
0.0 2.1209550357532422E-4 4.5449036480426616E-4 
3.0299357653617743E-5 2.4239486122894195E-4 2.1209550357532422E-4 
0.0 9.089807296085323E-5 1.5149678826808873E-4 
3.0299357653617743E-5 6.0598715307235486E-5 6.0598715307235486E-5 
0.0 3.0299357653617743E-5 4.2419100715064843E-4 
0.0 3.0299357653617743E-5 1.8179614592170646E-4 
0.0 0.0 1.8179614592170646E-4 
0.0 0.0 1.5149678826808873E-4 
0.0 3.0299357653617743E-5 1.8179614592170646E-4 
0.0 0.0 9.089807296085323E-5 
0.0 0.0 9.089807296085323E-5 
3.0299357653617743E-5 6.0598715307235486E-5 1.5149678826808873E-4 
0.0 3.0299357653617743E-5 1.2119743061447097E-4 
0.0 0.0 2.4239486122894195E-4 
3.0299357653617743E-5 0.0 1.5149678826808873E-4 
0.0 0.0 3.0299357653617743E-5 
0.0 0.0 0.0 
0.0 0.0 3.0299357653617743E-5 
3.0299357653617743E-5 3.0299357653617743E-5 3.0299357653617746E-4 
