0.03229911525875651 0.03399587928735911 0.019543085686583445 
0.008877711792509999 0.012150042419100716 0.002605744758211126 
0.00739304326748273 0.010665373894073446 0.005544782450612047 
0.008392922070052116 0.011210762331838564 0.005090292085807781 
0.008635316931281056 0.01087746939764877 0.008362622712398498 
0.007483941340443582 0.010786571324687917 0.0075142406980972 
0.007847533632286996 0.009877590595079384 0.006908253545024845 
0.007635438128711671 0.008908011150163616 0.009301902799660648 
0.007059750333292934 0.008938310507817234 0.008877711792509999 
0.005817476669494607 0.007817234274633378 0.008786813719549145 
0.005938674100109078 0.00805962913586232 0.007453641982789964 
0.0052720882317294875 0.0061204702460307845 0.007483941340443582 
0.005999272815416313 0.0066961580414495216 0.006665858683795904 
0.0048175978669252216 0.005878075384801842 0.0064234638225669615 
0.0042722094291601015 0.005665979881226518 0.005999272815416313 
0.004181311356199249 0.004666101078657133 0.005453884377651194 
0.004151011998545631 0.004575203005696279 0.005787177311840989 
0.0039692158526239245 0.004756999151617986 0.005453884377651194 
0.003938916494970307 0.004090413283238396 0.005302387589383105 
0.0037874197067022178 0.0038177190643558356 0.004454005575081808 
0.003332929341897952 0.004120712640892013 0.004332808144467337 
0.0038177190643558356 0.003938916494970307 0.0037874197067022178 
0.0036359229184341293 0.003514725487819658 0.003908617137316689 
0.0028784389770936856 0.0033632286995515697 0.004605502363349897 
0.0030905344806690096 0.003332929341897952 0.0036056235607805115 
0.0026360441158647437 0.002726942188825597 0.003938916494970307 
0.0026360441158647437 0.0032117319112834808 0.004514604290389044 
0.0032723306265907163 0.002969337050054539 0.0036056235607805115 
0.002787540904132832 0.003545024845473276 0.003514725487819658 
0.0025148466852502726 0.0032420312689370985 0.0034541267725124226 
0.0019088595321779178 0.0032420312689370985 0.0026966428311719793 
0.002454247969943037 0.0034844261301660404 0.0035753242031268937 
0.0025148466852502726 0.002969337050054539 0.0032723306265907163 
0.0021815537510604774 0.004120712640892013 0.003423827414858805 
0.0023027511816749485 0.0030905344806690096 0.002787540904132832 
0.0018785601745243 0.003423827414858805 0.003514725487819658 
0.002120955035753242 0.0028784389770936856 0.0030905344806690096 
0.0022724518240213308 0.003726820991394982 0.0036056235607805115 
0.0015452672403345048 0.0039692158526239245 0.0033935280572051875 
0.0023330505393285663 0.004060113925584778 0.003696521633741365 
0.001999757605138771 0.004090413283238396 0.0035753242031268937 
0.002211853108714095 0.004605502363349897 0.0033935280572051875 
0.001757362743909829 0.003545024845473276 0.003302629984244334 
0.0019088595321779178 0.0036359229184341293 0.0033935280572051875 
0.0019391588898315356 0.004060113925584778 0.003666222276087747 
0.001757362743909829 0.004393406859774573 0.0029087383347473033 
0.001757362743909829 0.003302629984244334 0.0036056235607805115 
0.0015149678826808872 0.004151011998545631 0.0029087383347473033 
0.0019391588898315356 0.003666222276087747 0.003423827414858805 
0.0016967640286025937 0.0032723306265907163 0.0032117319112834808 
0.0018179614592170646 0.002787540904132832 0.0032723306265907163 
0.001666464670948976 0.0031208338383226274 0.003151133195976245 
0.0014543691673736517 0.003423827414858805 0.003726820991394982 
0.001393770452066416 0.002939037692400921 0.0036359229184341293 
0.0018179614592170646 0.003332929341897952 0.0032117319112834808 
0.0014240698097200339 0.00281784026178645 0.0030602351230153923 
0.0015755665979881226 0.0022724518240213308 0.003938916494970307 
0.0014543691673736517 0.0028481396194400678 0.00402981456793116 
0.0018482608168706824 0.0026360441158647437 0.004211610713852866 
0.0013331717367591808 0.0024239486122894197 0.0036056235607805115 
0.0015755665979881226 0.0021512543934068596 0.004241910071506484 
0.0017876621015634469 0.0028481396194400678 0.0039692158526239245 
0.0019088595321779178 0.0021512543934068596 0.003938916494970307 
0.0016058659556417404 0.0018179614592170646 0.0033935280572051875 
0.0015452672403345048 0.001757362743909829 0.0034844261301660404 
0.001999757605138771 0.0021512543934068596 0.003938916494970307 
0.001999757605138771 0.001999757605138771 0.003514725487819658 
0.002120955035753242 0.0019694582474851534 0.003423827414858805 
0.0023027511816749485 0.0022724518240213308 0.003696521633741365 
0.002575445400557508 0.002120955035753242 0.003878317779663071 
0.002211853108714095 0.0015149678826808872 0.002939037692400921 
0.002363349896982184 0.0016058659556417404 0.0037571203490486 
0.0029996364077081567 0.002242152466367713 0.004060113925584778 
0.0028481396194400678 0.0018785601745243 0.0038177190643558356 
0.0039692158526239245 0.0020906556780996245 0.004060113925584778 
0.0030299357653617745 0.0019088595321779178 0.003878317779663071 
0.0033632286995515697 0.0018482608168706824 0.004151011998545631 
0.003151133195976245 0.001757362743909829 0.003423827414858805 
0.0028481396194400678 0.0014240698097200339 0.003514725487819658 
0.0035753242031268937 0.0017270633862562113 0.003666222276087747 
0.004605502363349897 0.0020906556780996245 0.003545024845473276 
0.004454005575081808 0.0018482608168706824 0.0034844261301660404 
0.004302508786813719 0.002030056962792389 0.0039692158526239245 
0.0052720882317294875 0.0017270633862562113 0.003726820991394982 
0.0051205914434613985 0.0023330505393285663 0.003514725487819658 
0.005453884377651194 0.0018179614592170646 0.003545024845473276 
0.005665979881226518 0.002454247969943037 0.004363107502120955 
0.0056356805235729 0.002393649254635802 0.004756999151617986 
0.005726578596533753 0.002726942188825597 0.004666101078657133 
0.006968852260332081 0.0026663434735183615 0.0036056235607805115 
0.00657496061083505 0.0030299357653617745 0.0034541267725124226 
0.00805962913586232 0.0028481396194400678 0.0038480184220094533 
0.007211247121561023 0.0034541267725124226 0.004393406859774573 
0.00739304326748273 0.003332929341897952 0.003999515210277542 
0.007756635559326142 0.0034541267725124226 0.00469640043631075 
0.009089807296085323 0.0030905344806690096 0.004787298509271604 
0.009059507938431705 0.003332929341897952 0.004605502363349897 
0.009604896376196825 0.002969337050054539 0.004302508786813719 
0.008302023997091262 0.003423827414858805 0.005211489516422252 
0.007362743909829112 0.003696521633741365 0.006544661253181433 
0.0071506484062537875 0.004241910071506484 0.006665858683795904 
0.007332444552175494 0.003938916494970307 0.007271845836868259 
0.00833232335474488 0.0035753242031268937 0.006605259968488668 
0.006938552902678463 0.0032117319112834808 0.00739304326748273 
0.0075748394134044356 0.004393406859774573 0.007908132347594231 
0.006665858683795904 0.004635801721003515 0.00857471821597382 
0.005665979881226518 0.004454005575081808 0.008423221427705732 
0.005059992728154163 0.004090413283238396 0.008392922070052116 
0.0051205914434613985 0.0032420312689370985 0.008029329778208702 
0.00496909465519331 0.004938795297539692 0.008423221427705732 
0.00496909465519331 0.004635801721003515 0.007817234274633378 
0.0051205914434613985 0.005544782450612047 0.007271845836868259 
0.005362986304690341 0.0048175978669252216 0.006605259968488668 
0.0045449036480426615 0.005362986304690341 0.005514483092958429 
0.004575203005696279 0.006271967034298873 0.004635801721003515 
0.003999515210277542 0.0064234638225669615 0.0039692158526239245 
0.004999394012846927 0.005726578596533753 0.00442370621742819 
0.004666101078657133 0.0071506484062537875 0.003423827414858805 
0.0039692158526239245 0.008908011150163616 0.0028784389770936856 
0.0042722094291601015 0.009423100230275119 0.0032723306265907163 
0.0035753242031268937 0.008483820143012967 0.0025451460429038904 
0.0042722094291601015 0.00884741243485638 0.002242152466367713 
0.0042722094291601015 0.009726093806811295 0.0026360441158647437 
0.0038480184220094533 0.0093928008726215 0.0023330505393285663 
0.0036056235607805115 0.01060477517876621 0.0016058659556417404 
0.003302629984244334 0.011422857835413889 0.0018482608168706824 
0.0032723306265907163 0.012665131499212216 0.0015755665979881226 
0.003332929341897952 0.015513271118652285 0.0017876621015634469 
0.003726820991394982 0.01866440431462853 0.0016967640286025937 
0.003878317779663071 0.021330747788146892 0.0016058659556417404 
0.0039692158526239245 0.022512422736637984 0.0016058659556417404 
0.002939037692400921 0.02296691310144225 0.0017270633862562113 
0.0033632286995515697 0.016755544782450612 0.0017270633862562113 
0.003938916494970307 0.01181674948491092 0.0015755665979881226 
0.0035753242031268937 0.010574475821112593 0.0019088595321779178 
0.003999515210277542 0.010089686098654708 0.001666464670948976 
0.003332929341897952 0.009241304084353412 0.0019391588898315356 
0.00402981456793116 0.006181068961338019 0.0019088595321779178 
0.003302629984244334 0.0034844261301660404 0.0021815537510604774 
0.003423827414858805 0.003332929341897952 0.0017876621015634469 
0.004151011998545631 0.0029087383347473033 0.0021815537510604774 
0.004514604290389044 0.0026966428311719793 0.0022724518240213308 
0.0045449036480426615 0.0019391588898315356 0.0019694582474851534 
0.0051205914434613985 0.0020603563204460067 0.0019391588898315356 
0.005211489516422252 0.001181674948491092 0.0021512543934068596 
0.0056962792388801356 0.001302872379105563 0.0020906556780996245 
0.005817476669494607 0.0015452672403345048 0.00281784026178645 
0.006756756756756757 0.0012119743061447098 0.002484547327596655 
0.007271845836868259 9.998788025693856E-4 0.0025148466852502726 
0.00712034904860017 0.0011513755908374743 0.0022724518240213308 
0.006756756756756757 0.001181674948491092 0.0033935280572051875 
0.0075142406980972 7.877832989940613E-4 0.0032420312689370985 
0.006938552902678463 0.0011210762331838565 0.0037874197067022178 
0.007665737486365289 0.0013634710944127985 0.004090413283238396 
0.0066961580414495216 0.0014846685250272695 0.004393406859774573 
0.006968852260332081 0.0011210762331838565 0.0051205914434613985 
0.006635559326142286 0.0011513755908374743 0.007847533632286996 
0.0074233426251363475 9.089807296085323E-4 0.008302023997091262 
0.008211125924130409 6.96885226033208E-4 0.00927160344200703 
0.007938431705247849 9.695794449157678E-4 0.008362622712398498 
0.006635559326142286 0.0012422736637983274 0.008029329778208702 
0.005726578596533753 8.483820143012969E-4 0.009180705369046176 
0.0056356805235729 0.001060477517876621 0.0075748394134044356 
0.005362986304690341 0.0010301781602230034 0.0071506484062537875 
0.004605502363349897 0.0011210762331838565 0.007180947763907405 
0.004756999151617986 0.001181674948491092 0.008514119500666585 
0.004302508786813719 0.0014240698097200339 0.008756514361895527 
0.004151011998545631 0.0013331717367591808 0.00927160344200703 
0.003938916494970307 0.0014543691673736517 0.010180584171615562 
0.0030905344806690096 0.0014240698097200339 0.009332202157314265 
0.0025148466852502726 0.0011513755908374743 0.0077263362016725245 
0.0025148466852502726 0.0015452672403345048 0.0058477760271482245 
0.002787540904132832 0.0012422736637983274 0.005302387589383105 
0.002726942188825597 9.3928008726215E-4 0.00496909465519331 
0.0018482608168706824 0.0012422736637983274 0.004181311356199249 
0.002211853108714095 0.0011210762331838565 0.0033632286995515697 
0.0019391588898315356 0.001302872379105563 0.0034844261301660404 
0.0016967640286025937 0.0012119743061447098 0.002120955035753242 
0.001666464670948976 0.001302872379105563 0.0023027511816749485 
0.0018785601745243 0.001181674948491092 0.0016967640286025937 
0.0021512543934068596 0.0016361653132953582 0.002484547327596655 
0.0019088595321779178 0.0011210762331838565 0.0018482608168706824 
0.001757362743909829 9.998788025693856E-4 0.0026663434735183615 
0.0016967640286025937 0.0011210762331838565 0.002393649254635802 
0.0019088595321779178 0.0012725730214519452 0.0031208338383226274 
0.0019088595321779178 8.180826566476791E-4 0.0029996364077081567 
0.001999757605138771 0.0015755665979881226 0.003181432553629863 
0.0018179614592170646 0.0012725730214519452 0.0032117319112834808 
0.001757362743909829 0.0012119743061447098 0.004060113925584778 
0.0018785601745243 0.0015149678826808872 0.004726699793964368 
0.0026663434735183615 0.0012725730214519452 0.005362986304690341 
0.002575445400557508 0.0014240698097200339 0.006938552902678463 
0.0026360441158647437 0.001757362743909829 0.008665616288934674 
0.002575445400557508 0.0018482608168706824 0.011059265543570476 
0.002484547327596655 0.0026663434735183615 0.010938068112956006 
0.0028481396194400678 0.0029087383347473033 0.010513877105805357 
0.002575445400557508 0.002969337050054539 0.009695794449157679 
0.00402981456793116 0.0030905344806690096 0.010422979032844504 
0.003545024845473276 0.004151011998545631 0.011453157193067507 
0.004726699793964368 0.00469640043631075 0.009877590595079384 
0.006484062537874197 0.005726578596533753 0.00899890922312447 
0.008271724639437645 0.007968731062901467 0.00712034904860017 
0.008544418858320203 0.00884741243485638 0.006090170888377167 
0.009089807296085323 0.008483820143012967 0.005999272815416313 
0.009241304084353412 0.009756393164464913 0.003938916494970307 
0.009089807296085323 0.009604896376196825 0.003938916494970307 
0.011483456550721124 0.010422979032844504 0.0029087383347473033 
0.010241182886922797 0.01005938674100109 0.0030299357653617745 
0.010089686098654708 0.010513877105805357 0.002484547327596655 
0.008211125924130409 0.011331959762453036 0.0015149678826808872 
0.005756877954187371 0.01021088352926918 0.001999757605138771 
0.006181068961338019 0.00805962913586232 0.0012119743061447098 
0.006787056114410375 0.006241667676645255 0.0012725730214519452 
0.004454005575081808 0.005756877954187371 0.0012119743061447098 
0.0034844261301660404 0.006241667676645255 7.877832989940613E-4 
0.0032420312689370985 0.004302508786813719 9.3928008726215E-4 
0.003545024845473276 0.002575445400557508 8.483820143012969E-4 
0.0031208338383226274 0.002242152466367713 5.453884377651194E-4 
0.003302629984244334 0.002363349896982184 3.0299357653617746E-4 
0.0018179614592170646 0.0016361653132953582 3.332929341897952E-4 
0.0019694582474851534 0.001393770452066416 2.726942188825597E-4 
0.001757362743909829 0.0012422736637983274 2.726942188825597E-4 
0.0018179614592170646 6.665858683795904E-4 4.5449036480426616E-4 
0.0012119743061447098 7.877832989940613E-4 2.4239486122894195E-4 
0.0012422736637983274 9.3928008726215E-4 1.8179614592170646E-4 
6.665858683795904E-4 5.150890801115017E-4 1.8179614592170646E-4 
9.3928008726215E-4 4.5449036480426616E-4 6.0598715307235486E-5 
6.059871530723549E-4 1.8179614592170646E-4 1.5149678826808873E-4 
5.453884377651194E-4 1.2119743061447097E-4 3.0299357653617743E-5 
4.5449036480426616E-4 3.0299357653617746E-4 1.5149678826808873E-4 
5.150890801115017E-4 2.726942188825597E-4 9.089807296085323E-5 
6.96885226033208E-4 1.5149678826808873E-4 3.0299357653617743E-5 
3.635922918434129E-4 1.2119743061447097E-4 6.0598715307235486E-5 
2.4239486122894195E-4 6.0598715307235486E-5 3.0299357653617743E-5 
1.5149678826808873E-4 6.0598715307235486E-5 0.0 
3.0299357653617746E-4 0.0 3.0299357653617743E-5 
5.756877954187371E-4 1.8179614592170646E-4 3.0299357653617743E-5 
4.2419100715064843E-4 9.089807296085323E-5 0.0 
3.332929341897952E-4 0.0 3.0299357653617743E-5 
1.5149678826808873E-4 3.0299357653617743E-5 3.0299357653617743E-5 
2.1209550357532422E-4 3.0299357653617743E-5 0.0 
1.5149678826808873E-4 3.0299357653617743E-5 6.0598715307235486E-5 
1.8179614592170646E-4 0.0 0.0 
1.8179614592170646E-4 3.0299357653617743E-5 0.0 
1.8179614592170646E-4 3.0299357653617743E-5 6.0598715307235486E-5 
3.0299357653617743E-5 3.0299357653617743E-5 0.0 
3.635922918434129E-4 0.0 0.0 
2.726942188825597E-4 3.0299357653617743E-5 0.0 
1.8179614592170646E-4 3.0299357653617743E-5 0.0 
1.2119743061447097E-4 3.0299357653617743E-5 0.0 
1.5149678826808873E-4 0.0 3.0299357653617743E-5 
3.0299357653617743E-5 0.0 0.0 
1.2119743061447097E-4 0.0 0.0 
1.2119743061447097E-4 0.0 0.0 
0.0 0.0 0.0 
9.089807296085323E-5 0.0 0.0 
