0.03814689128590474 0.09189795176342262 0.0561750090898073 
0.014846685250272695 0.0322688159011029 0.009816991879772148 
0.012271239849715187 0.03102654223730457 0.015816264695188462 
0.015816264695188462 0.026966428311719793 0.011028966185916858 
0.013059023148709248 0.02336080475093928 0.018452308811053204 
0.007938431705247849 0.021845836868258393 0.017755423585019997 
0.010392679675190886 0.019421888255968973 0.01999757605138771 
0.009816991879772148 0.017270633862562113 0.01863410495697491 
0.008786813719549145 0.01396800387831778 0.019149194037086415 
0.0077263362016725245 0.011877348200218156 0.013665010301781601 
0.00845352078535935 0.011362259120106653 0.01463458974669737 
0.008029329778208702 0.010847170039995153 0.013422615440552661 
0.007241546479214641 0.00993818931038662 0.012543934068597745 
0.006150769603684402 0.00899890922312447 0.011937946915525391 
0.0064234638225669615 0.007483941340443582 0.013089322506362865 
0.0061204702460307845 0.0066961580414495216 0.0112713610471458 
0.005181190158768634 0.007180947763907405 0.013271118652284572 
0.005453884377651194 0.006271967034298873 0.011725851411950067 
0.004756999151617986 0.005726578596533753 0.009332202157314265 
0.005423585019997576 0.005605381165919282 0.009756393164464913 
0.004878196582232456 0.005575081808265664 0.008483820143012967 
0.0052720882317294875 0.005605381165919282 0.008241425281784027 
0.004787298509271604 0.005453884377651194 0.007968731062901467 
0.0051205914434613985 0.005090292085807781 0.007241546479214641 
0.004999394012846927 0.004484304932735426 0.007908132347594231 
0.004635801721003515 0.004726699793964368 0.006817355472063992 
0.005605381165919282 0.003423827414858805 0.005938674100109078 
0.005211489516422252 0.005756877954187371 0.005999272815416313 
0.005332686947036723 0.00469640043631075 0.004878196582232456 
0.004484304932735426 0.005090292085807781 0.005362986304690341 
0.004332808144467337 0.004635801721003515 0.00496909465519331 
0.004363107502120955 0.004484304932735426 0.00524178887407587 
0.005059992728154163 0.00442370621742819 0.00469640043631075 
0.004575203005696279 0.005393285662343959 0.004454005575081808 
0.004878196582232456 0.004060113925584778 0.004756999151617986 
0.005029693370500545 0.004756999151617986 0.004726699793964368 
0.004666101078657133 0.005181190158768634 0.0037874197067022178 
0.004514604290389044 0.0048175978669252216 0.004635801721003515 
0.00402981456793116 0.005029693370500545 0.004332808144467337 
0.004756999151617986 0.004393406859774573 0.004666101078657133 
0.004484304932735426 0.004090413283238396 0.003696521633741365 
0.004575203005696279 0.004393406859774573 0.004332808144467337 
0.004332808144467337 0.004363107502120955 0.003999515210277542 
0.004575203005696279 0.00524178887407587 0.004211610713852866 
0.004938795297539692 0.003908617137316689 0.00402981456793116 
0.004605502363349897 0.004878196582232456 0.004514604290389044 
0.004605502363349897 0.005029693370500545 0.004090413283238396 
0.004454005575081808 0.004999394012846927 0.003726820991394982 
0.005817476669494607 0.004454005575081808 0.004151011998545631 
0.00469640043631075 0.004151011998545631 0.004514604290389044 
0.004908495939886074 0.004726699793964368 0.00402981456793116 
0.005302387589383105 0.004514604290389044 0.004484304932735426 
0.00496909465519331 0.004363107502120955 0.004575203005696279 
0.005181190158768634 0.004484304932735426 0.004756999151617986 
0.005150890801115016 0.004241910071506484 0.004575203005696279 
0.004787298509271604 0.005362986304690341 0.004787298509271604 
0.005968973457762696 0.0056962792388801356 0.00402981456793116 
0.00590837474245546 0.006393164464913344 0.00442370621742819 
0.006756756756756757 0.006059871530723549 0.004484304932735426 
0.007332444552175494 0.00630226639195249 0.005090292085807781 
0.007756635559326142 0.00778693491697976 0.0048175978669252216 
0.00899890922312447 0.0069991516179856985 0.004605502363349897 
0.007847533632286996 0.007908132347594231 0.0042722094291601015 
0.008423221427705732 0.008271724639437645 0.005332686947036723 
0.01021088352926918 0.008089928493515938 0.005181190158768634 
0.010362380317537268 0.007968731062901467 0.004605502363349897 
0.011119864258877711 0.008786813719549145 0.005817476669494607 
0.009726093806811295 0.0093928008726215 0.005211489516422252 
0.01021088352926918 0.008544418858320203 0.005362986304690341 
0.010544176463458975 0.008271724639437645 0.006029572173069931 
0.00899890922312447 0.007665737486365289 0.006029572173069931 
0.00912010665373894 0.006908253545024845 0.0074233426251363475 
0.008544418858320203 0.00739304326748273 0.008938310507817234 
0.009059507938431705 0.0075142406980972 0.0075748394134044356 
0.006968852260332081 0.006665858683795904 0.008635316931281056 
0.00684765482971761 0.006090170888377167 0.007696036844018907 
0.0056356805235729 0.006150769603684402 0.008786813719549145 
0.005938674100109078 0.0052720882317294875 0.007908132347594231 
0.005393285662343959 0.0039692158526239245 0.008514119500666585 
0.0037571203490486 0.004332808144467337 0.009211004726699794 
0.004302508786813719 0.0026966428311719793 0.008938310507817234 
0.0035753242031268937 0.002787540904132832 0.007211247121561023 
0.0034541267725124226 0.002575445400557508 0.007817234274633378 
0.0032420312689370985 0.002454247969943037 0.008877711792509999 
0.003423827414858805 0.002454247969943037 0.008392922070052116 
0.0032117319112834808 0.0021815537510604774 0.007877832989940613 
0.0034541267725124226 0.002393649254635802 0.007241546479214641 
0.0031208338383226274 0.0020906556780996245 0.007756635559326142 
0.003726820991394982 0.0024239486122894197 0.007756635559326142 
0.003938916494970307 0.002605744758211126 0.00684765482971761 
0.0034541267725124226 0.0025451460429038904 0.006514361895527815 
0.004484304932735426 0.0025148466852502726 0.006332565749606108 
0.0045449036480426615 0.0030602351230153923 0.006271967034298873 
0.004726699793964368 0.00281784026178645 0.005665979881226518 
0.004151011998545631 0.0026360441158647437 0.00469640043631075 
0.004635801721003515 0.0032420312689370985 0.004635801721003515 
0.004090413283238396 0.0032117319112834808 0.004120712640892013 
0.004787298509271604 0.003332929341897952 0.004302508786813719 
0.004211610713852866 0.003999515210277542 0.004211610713852866 
0.00496909465519331 0.004181311356199249 0.003423827414858805 
0.004211610713852866 0.003908617137316689 0.0032723306265907163 
0.004999394012846927 0.0038177190643558356 0.0030299357653617745 
0.0051205914434613985 0.003999515210277542 0.0038480184220094533 
0.005938674100109078 0.0033632286995515697 0.003151133195976245 
0.005514483092958429 0.004060113925584778 0.0029996364077081567 
0.005999272815416313 0.004241910071506484 0.0035753242031268937 
0.007756635559326142 0.0035753242031268937 0.0030905344806690096 
0.0075142406980972 0.0042722094291601015 0.003423827414858805 
0.007332444552175494 0.0034844261301660404 0.002484547327596655 
0.00657496061083505 0.003302629984244334 0.002939037692400921 
0.006059871530723549 0.003726820991394982 0.0034541267725124226 
0.006484062537874197 0.0042722094291601015 0.0032420312689370985 
0.00590837474245546 0.003878317779663071 0.003181432553629863 
0.0056962792388801356 0.0034844261301660404 0.002726942188825597 
0.005453884377651194 0.0036359229184341293 0.0030299357653617745 
0.006211368318991637 0.003696521633741365 0.002120955035753242 
0.006150769603684402 0.003302629984244334 0.0023330505393285663 
0.005181190158768634 0.003514725487819658 0.002120955035753242 
0.00496909465519331 0.0032723306265907163 0.0022724518240213308 
0.005302387589383105 0.0030602351230153923 0.002726942188825597 
0.0045449036480426615 0.00281784026178645 0.0023330505393285663 
0.005393285662343959 0.0025148466852502726 0.002242152466367713 
0.0052720882317294875 0.002726942188825597 0.0026663434735183615 
0.005393285662343959 0.0030905344806690096 0.0020906556780996245 
0.00469640043631075 0.0027572415464792144 0.002211853108714095 
0.005484183735304812 0.002484547327596655 0.0030602351230153923 
0.004484304932735426 0.003181432553629863 0.0024239486122894197 
0.004605502363349897 0.002211853108714095 0.0023330505393285663 
0.004999394012846927 0.0032117319112834808 0.002120955035753242 
0.004332808144467337 0.0026663434735183615 0.0025451460429038904 
0.004666101078657133 0.002484547327596655 0.0019391588898315356 
0.005453884377651194 0.0021512543934068596 0.0028481396194400678 
0.005211489516422252 0.002939037692400921 0.0021512543934068596 
0.004211610713852866 0.002211853108714095 0.002484547327596655 
0.004908495939886074 0.0021815537510604774 0.0023027511816749485 
0.00469640043631075 0.0021815537510604774 0.002454247969943037 
0.004484304932735426 0.002242152466367713 0.002211853108714095 
0.003545024845473276 0.0018785601745243 0.0020603563204460067 
0.004484304932735426 0.0020603563204460067 0.002242152466367713 
0.0033935280572051875 0.0016967640286025937 0.0025148466852502726 
0.004151011998545631 0.001666464670948976 0.0019694582474851534 
0.004151011998545631 0.0015452672403345048 0.001757362743909829 
0.0030602351230153923 0.0019088595321779178 0.0016058659556417404 
0.0029996364077081567 0.001393770452066416 0.0018785601745243 
0.002484547327596655 0.001302872379105563 0.0013331717367591808 
0.002605744758211126 0.0012119743061447098 0.0016967640286025937 
0.0024239486122894197 0.0011513755908374743 0.0016058659556417404 
0.0022724518240213308 0.0012725730214519452 0.0014846685250272695 
0.0019088595321779178 0.0014543691673736517 0.0014846685250272695 
0.0023027511816749485 0.0012422736637983274 0.0013634710944127985 
0.0016361653132953582 0.001060477517876621 0.0014846685250272695 
0.001666464670948976 0.0012725730214519452 0.0013634710944127985 
0.0018785601745243 0.0013634710944127985 0.0014543691673736517 
0.0013331717367591808 0.0015452672403345048 0.0012725730214519452 
0.0014543691673736517 0.001393770452066416 0.001302872379105563 
0.0013634710944127985 9.089807296085323E-4 0.001060477517876621 
0.0014846685250272695 0.0015452672403345048 0.0012422736637983274 
0.0014543691673736517 0.0010907768755302387 0.001181674948491092 
0.0011210762331838565 0.0012119743061447098 0.0014543691673736517 
0.0013634710944127985 8.786813719549145E-4 0.0011210762331838565 
0.0014846685250272695 0.0011210762331838565 9.998788025693856E-4 
0.0015755665979881226 0.0012422736637983274 7.877832989940613E-4 
0.0013331717367591808 0.0011513755908374743 0.001181674948491092 
0.0013634710944127985 8.180826566476791E-4 8.786813719549145E-4 
0.0011210762331838565 0.0013634710944127985 8.483820143012969E-4 
0.001302872379105563 0.0012725730214519452 8.786813719549145E-4 
0.0014240698097200339 0.0012119743061447098 6.665858683795904E-4 
0.001302872379105563 0.001060477517876621 8.786813719549145E-4 
9.3928008726215E-4 9.3928008726215E-4 8.483820143012969E-4 
9.695794449157678E-4 0.0010301781602230034 7.271845836868258E-4 
0.0010301781602230034 9.089807296085323E-4 0.0011210762331838565 
0.0010907768755302387 8.483820143012969E-4 9.089807296085323E-4 
0.0012422736637983274 0.0012119743061447098 9.089807296085323E-4 
0.0011210762331838565 0.0010907768755302387 7.877832989940613E-4 
0.0011513755908374743 0.0010907768755302387 9.089807296085323E-4 
6.96885226033208E-4 6.96885226033208E-4 6.665858683795904E-4 
0.0010301781602230034 0.0010301781602230034 9.695794449157678E-4 
8.180826566476791E-4 8.180826566476791E-4 5.756877954187371E-4 
8.786813719549145E-4 8.483820143012969E-4 6.96885226033208E-4 
0.001666464670948976 9.089807296085323E-4 7.877832989940613E-4 
0.0011513755908374743 0.0012119743061447098 7.877832989940613E-4 
9.3928008726215E-4 8.180826566476791E-4 8.180826566476791E-4 
6.665858683795904E-4 0.0011210762331838565 8.180826566476791E-4 
7.271845836868258E-4 8.180826566476791E-4 4.2419100715064843E-4 
7.877832989940613E-4 0.0010907768755302387 7.574839413404436E-4 
0.001060477517876621 0.0011513755908374743 7.574839413404436E-4 
9.3928008726215E-4 0.0013634710944127985 9.089807296085323E-4 
0.001181674948491092 0.0011210762331838565 8.180826566476791E-4 
6.362865107259726E-4 9.998788025693856E-4 5.453884377651194E-4 
8.786813719549145E-4 0.0015452672403345048 4.847897224578839E-4 
7.877832989940613E-4 0.0012725730214519452 5.150890801115017E-4 
7.877832989940613E-4 0.0011513755908374743 5.453884377651194E-4 
8.786813719549145E-4 6.665858683795904E-4 9.089807296085323E-4 
0.0010907768755302387 0.0012119743061447098 8.180826566476791E-4 
0.0010301781602230034 7.574839413404436E-4 8.786813719549145E-4 
9.695794449157678E-4 6.96885226033208E-4 6.362865107259726E-4 
9.695794449157678E-4 9.3928008726215E-4 9.3928008726215E-4 
9.695794449157678E-4 9.3928008726215E-4 0.001181674948491092 
9.089807296085323E-4 7.271845836868258E-4 8.786813719549145E-4 
0.0011210762331838565 0.0010907768755302387 0.0010301781602230034 
0.0014240698097200339 0.0011513755908374743 0.001181674948491092 
0.0012725730214519452 9.998788025693856E-4 0.0010301781602230034 
0.001060477517876621 0.0010301781602230034 9.998788025693856E-4 
0.0013331717367591808 8.786813719549145E-4 0.0011210762331838565 
0.0012725730214519452 0.0010301781602230034 0.0016361653132953582 
0.0011513755908374743 0.0010907768755302387 0.0012119743061447098 
0.001393770452066416 0.0010907768755302387 0.0011513755908374743 
0.0011210762331838565 0.0012422736637983274 0.0016361653132953582 
0.0020906556780996245 0.0011513755908374743 0.0013634710944127985 
0.0015755665979881226 0.001060477517876621 0.0016058659556417404 
0.0019088595321779178 0.0016361653132953582 0.0017270633862562113 
0.001757362743909829 0.0012422736637983274 0.0015452672403345048 
0.0010907768755302387 0.001666464670948976 0.0016058659556417404 
0.0014846685250272695 0.001181674948491092 0.0014543691673736517 
0.0016967640286025937 0.0014543691673736517 0.0015452672403345048 
0.0014240698097200339 0.0012119743061447098 0.0016361653132953582 
0.001999757605138771 0.0013634710944127985 0.0017270633862562113 
9.998788025693856E-4 0.0011210762331838565 0.0018179614592170646 
0.0015452672403345048 0.0012119743061447098 0.0012725730214519452 
0.0017876621015634469 0.001393770452066416 0.0017270633862562113 
0.0011210762331838565 0.0017270633862562113 0.0016967640286025937 
0.0014240698097200339 0.0013331717367591808 0.0013634710944127985 
0.0013331717367591808 0.0013331717367591808 0.0011513755908374743 
0.001393770452066416 0.001393770452066416 0.0010907768755302387 
0.0012422736637983274 0.001302872379105563 6.96885226033208E-4 
0.0010301781602230034 9.3928008726215E-4 9.695794449157678E-4 
0.0010301781602230034 7.877832989940613E-4 9.695794449157678E-4 
0.0010907768755302387 9.695794449157678E-4 9.695794449157678E-4 
0.0012119743061447098 6.059871530723549E-4 8.483820143012969E-4 
9.695794449157678E-4 7.877832989940613E-4 5.756877954187371E-4 
0.0010301781602230034 7.574839413404436E-4 7.877832989940613E-4 
0.0010301781602230034 4.847897224578839E-4 6.665858683795904E-4 
8.786813719549145E-4 7.574839413404436E-4 7.877832989940613E-4 
9.089807296085323E-4 7.877832989940613E-4 6.362865107259726E-4 
5.756877954187371E-4 4.5449036480426616E-4 8.483820143012969E-4 
8.483820143012969E-4 4.2419100715064843E-4 6.059871530723549E-4 
5.756877954187371E-4 5.756877954187371E-4 8.180826566476791E-4 
6.96885226033208E-4 6.362865107259726E-4 3.0299357653617746E-4 
5.150890801115017E-4 6.059871530723549E-4 4.2419100715064843E-4 
4.5449036480426616E-4 2.4239486122894195E-4 2.1209550357532422E-4 
3.635922918434129E-4 3.332929341897952E-4 3.0299357653617746E-4 
3.9389164949703065E-4 3.0299357653617746E-4 5.150890801115017E-4 
5.150890801115017E-4 1.8179614592170646E-4 2.1209550357532422E-4 
3.9389164949703065E-4 2.726942188825597E-4 2.726942188825597E-4 
3.635922918434129E-4 1.2119743061447097E-4 1.8179614592170646E-4 
3.0299357653617746E-4 2.4239486122894195E-4 1.5149678826808873E-4 
2.4239486122894195E-4 1.8179614592170646E-4 2.4239486122894195E-4 
3.332929341897952E-4 1.5149678826808873E-4 3.0299357653617743E-5 
2.726942188825597E-4 1.8179614592170646E-4 1.5149678826808873E-4 
2.4239486122894195E-4 1.5149678826808873E-4 3.0299357653617743E-5 
2.4239486122894195E-4 1.5149678826808873E-4 6.0598715307235486E-5 
2.1209550357532422E-4 6.0598715307235486E-5 1.2119743061447097E-4 
2.1209550357532422E-4 1.2119743061447097E-4 9.089807296085323E-5 
1.2119743061447097E-4 0.0 6.0598715307235486E-5 
2.4239486122894195E-4 3.0299357653617743E-5 3.0299357653617743E-5 
0.002120955035753242 1.2119743061447097E-4 3.332929341897952E-4 
