0.011695552054296449 0.0066961580414495216 0.021785238152951157 
0.0028481396194400678 0.003938916494970307 0.002393649254635802 
0.0033632286995515697 0.004090413283238396 0.004575203005696279 
0.0051205914434613985 0.0045449036480426615 0.004181311356199249 
0.005150890801115016 0.005575081808265664 0.004938795297539692 
0.005150890801115016 0.00657496061083505 0.004484304932735426 
0.00872621500424191 0.00872621500424191 0.004666101078657133 
0.00954429766088959 0.008180826566476791 0.006938552902678463 
0.006787056114410375 0.006726457399103139 0.006968852260332081 
0.005938674100109078 0.006181068961338019 0.006514361895527815 
0.005453884377651194 0.00496909465519331 0.00630226639195249 
0.004635801721003515 0.004999394012846927 0.00524178887407587 
0.004241910071506484 0.004454005575081808 0.004605502363349897 
0.0038480184220094533 0.003514725487819658 0.004332808144467337 
0.0033935280572051875 0.0028481396194400678 0.004181311356199249 
0.0036359229184341293 0.003514725487819658 0.0032117319112834808 
0.003181432553629863 0.0034541267725124226 0.003666222276087747 
0.003332929341897952 0.0025148466852502726 0.002605744758211126 
0.0030602351230153923 0.0026966428311719793 0.0030299357653617745 
0.002787540904132832 0.0025451460429038904 0.002969337050054539 
0.0026966428311719793 0.002393649254635802 0.0027572415464792144 
0.002030056962792389 0.002242152466367713 0.0032420312689370985 
0.002363349896982184 0.0021512543934068596 0.002605744758211126 
0.0026663434735183615 0.0019088595321779178 0.0025148466852502726 
0.0023027511816749485 0.0018179614592170646 0.00281784026178645 
0.0025148466852502726 0.002120955035753242 0.0024239486122894197 
0.002211853108714095 0.0016967640286025937 0.0028784389770936856 
0.0023330505393285663 0.002120955035753242 0.0027572415464792144 
0.002484547327596655 0.0021815537510604774 0.0026360441158647437 
0.0023330505393285663 0.002211853108714095 0.003332929341897952 
0.0021512543934068596 0.002211853108714095 0.003545024845473276 
0.0023330505393285663 0.001999757605138771 0.002969337050054539 
0.0023330505393285663 0.0021815537510604774 0.003514725487819658 
0.0021815537510604774 0.0020603563204460067 0.003908617137316689 
0.002211853108714095 0.0016361653132953582 0.004090413283238396 
0.0025451460429038904 0.0021815537510604774 0.0038177190643558356 
0.0028481396194400678 0.0020906556780996245 0.004726699793964368 
0.0026663434735183615 0.0020603563204460067 0.005999272815416313 
0.002605744758211126 0.0018785601745243 0.005817476669494607 
0.002211853108714095 0.001757362743909829 0.0056356805235729 
0.002575445400557508 0.0019088595321779178 0.006332565749606108 
0.002969337050054539 0.0018482608168706824 0.006453763180220579 
0.002787540904132832 0.0019088595321779178 0.006544661253181433 
0.0032723306265907163 0.0019694582474851534 0.006029572173069931 
0.003545024845473276 0.0015149678826808872 0.005544782450612047 
0.0028784389770936856 0.0019088595321779178 0.006726457399103139 
0.0032723306265907163 0.0018785601745243 0.007180947763907405 
0.0035753242031268937 0.0020906556780996245 0.0066961580414495216 
0.003999515210277542 0.0021512543934068596 0.007544540055750818 
0.004575203005696279 0.001757362743909829 0.007180947763907405 
0.004605502363349897 0.0017270633862562113 0.007211247121561023 
0.005756877954187371 0.0019694582474851534 0.007362743909829112 
0.005029693370500545 0.0025451460429038904 0.007665737486365289 
0.006090170888377167 0.0023330505393285663 0.007302145194521876 
0.006059871530723549 0.002211853108714095 0.0074233426251363475 
0.006787056114410375 0.0020603563204460067 0.006544661253181433 
0.007938431705247849 0.0021512543934068596 0.00684765482971761 
0.008514119500666585 0.0022724518240213308 0.007271845836868259 
0.008968609865470852 0.0025451460429038904 0.006393164464913344 
0.01087746939764877 0.0027572415464792144 0.006787056114410375 
0.0107562719670343 0.0023330505393285663 0.007211247121561023 
0.009968488668040237 0.003151133195976245 0.006362865107259726 
0.010271482244576415 0.002969337050054539 0.005878075384801842 
0.009059507938431705 0.003514725487819658 0.00630226639195249 
0.00884741243485638 0.003151133195976245 0.004332808144467337 
0.008817113077202763 0.0029087383347473033 0.005726578596533753 
0.008211125924130409 0.003151133195976245 0.005514483092958429 
0.007483941340443582 0.00281784026178645 0.0048175978669252216 
0.007938431705247849 0.0033935280572051875 0.005181190158768634 
0.00684765482971761 0.0033935280572051875 0.005332686947036723 
0.0074233426251363475 0.0036359229184341293 0.0052720882317294875 
0.005817476669494607 0.002939037692400921 0.0051205914434613985 
0.005544782450612047 0.0033632286995515697 0.005423585019997576 
0.005756877954187371 0.0030905344806690096 0.004211610713852866 
0.0056356805235729 0.0038480184220094533 0.005605381165919282 
0.005878075384801842 0.003726820991394982 0.004726699793964368 
0.005090292085807781 0.004181311356199249 0.004120712640892013 
0.00630226639195249 0.00402981456793116 0.005029693370500545 
0.005362986304690341 0.0038480184220094533 0.0045449036480426615 
0.006150769603684402 0.004211610713852866 0.00442370621742819 
0.006271967034298873 0.005059992728154163 0.005029693370500545 
0.006605259968488668 0.004484304932735426 0.003938916494970307 
0.006877954187371227 0.0045449036480426615 0.0045449036480426615 
0.005302387589383105 0.005999272815416313 0.004393406859774573 
0.006787056114410375 0.005575081808265664 0.003999515210277542 
0.005484183735304812 0.006332565749606108 0.004878196582232456 
0.006484062537874197 0.007090049690946552 0.004666101078657133 
0.005181190158768634 0.008665616288934674 0.0051205914434613985 
0.005787177311840989 0.008302023997091262 0.005302387589383105 
0.0064234638225669615 0.010029087383347473 0.004787298509271604 
0.006029572173069931 0.010422979032844504 0.00442370621742819 
0.005665979881226518 0.00993818931038662 0.004605502363349897 
0.006059871530723549 0.012968125075748394 0.004847897224578839 
0.0064234638225669615 0.013937704520664162 0.0051205914434613985 
0.006484062537874197 0.01396800387831778 0.0066961580414495216 
0.00630226639195249 0.015270876257423342 0.005362986304690341 
0.006544661253181433 0.018300812022785117 0.006362865107259726 
0.0064234638225669615 0.019361289540661738 0.006393164464913344 
0.005665979881226518 0.021542843291722215 0.006271967034298873 
0.006726457399103139 0.021270149072839657 0.00684765482971761 
0.005878075384801842 0.021694340079990306 0.00805962913586232 
0.00590837474245546 0.021148951642225185 0.008120227851169556 
0.007029450975639316 0.017816022300327233 0.006756756756756757 
0.0071506484062537875 0.016876742213065083 0.008241425281784027 
0.0093928008726215 0.014180099381893104 0.009362501514967883 
0.008120227851169556 0.013392316082899043 0.009816991879772148 
0.008817113077202763 0.012846927645133923 0.009180705369046176 
0.008302023997091262 0.012301539207368805 0.00912010665373894 
0.008968609865470852 0.010422979032844504 0.009665495091504061 
0.007362743909829112 0.010695673251727064 0.008908011150163616 
0.007968731062901467 0.009059507938431705 0.009089807296085323 
0.009059507938431705 0.008877711792509999 0.009180705369046176 
0.007211247121561023 0.007999030420555085 0.00927160344200703 
0.007847533632286996 0.008423221427705732 0.009604896376196825 
0.007362743909829112 0.006484062537874197 0.008817113077202763 
0.00712034904860017 0.007180947763907405 0.008514119500666585 
0.006938552902678463 0.007241546479214641 0.00778693491697976 
0.007544540055750818 0.006877954187371227 0.007877832989940613 
0.006090170888377167 0.005544782450612047 0.006787056114410375 
0.005029693370500545 0.004908495939886074 0.006635559326142286 
0.004605502363349897 0.005059992728154163 0.006756756756756757 
0.005181190158768634 0.004878196582232456 0.006241667676645255 
0.00496909465519331 0.0039692158526239245 0.006393164464913344 
0.004999394012846927 0.003696521633741365 0.005878075384801842 
0.0048175978669252216 0.003696521633741365 0.005453884377651194 
0.004241910071506484 0.0036359229184341293 0.005332686947036723 
0.004393406859774573 0.003151133195976245 0.006029572173069931 
0.004151011998545631 0.0029087383347473033 0.0038480184220094533 
0.004454005575081808 0.0030602351230153923 0.0037571203490486 
0.003545024845473276 0.0020603563204460067 0.0038480184220094533 
0.003514725487819658 0.0029087383347473033 0.0035753242031268937 
0.003999515210277542 0.0029087383347473033 0.0025148466852502726 
0.0038177190643558356 0.002393649254635802 0.003151133195976245 
0.0038177190643558356 0.002454247969943037 0.0030299357653617745 
0.0033935280572051875 0.0026966428311719793 0.0021815537510604774 
0.0037874197067022178 0.0028784389770936856 0.0026663434735183615 
0.003726820991394982 0.002393649254635802 0.0025148466852502726 
0.003423827414858805 0.0023027511816749485 0.0028481396194400678 
0.0034541267725124226 0.0019391588898315356 0.0025451460429038904 
0.002605744758211126 0.002211853108714095 0.002575445400557508 
0.002605744758211126 0.002484547327596655 0.0024239486122894197 
0.0022724518240213308 0.0018482608168706824 0.0030905344806690096 
0.0026360441158647437 0.0023330505393285663 0.002120955035753242 
0.0019088595321779178 0.0019391588898315356 0.002454247969943037 
0.003332929341897952 0.002454247969943037 0.0023330505393285663 
0.0023330505393285663 0.0020906556780996245 0.0026966428311719793 
0.002363349896982184 0.002726942188825597 0.0025451460429038904 
0.0022724518240213308 0.002030056962792389 0.002939037692400921 
0.002454247969943037 0.0018785601745243 0.0021512543934068596 
0.001999757605138771 0.002030056962792389 0.002211853108714095 
0.0019391588898315356 0.0014543691673736517 0.0020603563204460067 
0.001999757605138771 0.0019694582474851534 0.0019088595321779178 
0.0020906556780996245 0.002030056962792389 0.0028481396194400678 
0.0019694582474851534 0.0020603563204460067 0.002363349896982184 
0.001999757605138771 0.0019694582474851534 0.002211853108714095 
0.002211853108714095 0.0021512543934068596 0.0021512543934068596 
0.002211853108714095 0.002787540904132832 0.002454247969943037 
0.0019694582474851534 0.002120955035753242 0.0021512543934068596 
0.002242152466367713 0.0019391588898315356 0.002393649254635802 
0.0019694582474851534 0.002363349896982184 0.002211853108714095 
0.0019088595321779178 0.0024239486122894197 0.002393649254635802 
0.002211853108714095 0.0020603563204460067 0.002726942188825597 
0.001757362743909829 0.0021512543934068596 0.0026966428311719793 
0.002363349896982184 0.0018179614592170646 0.0025148466852502726 
0.0020906556780996245 0.0021815537510604774 0.0024239486122894197 
0.0021512543934068596 0.002393649254635802 0.0020906556780996245 
0.0023330505393285663 0.002242152466367713 0.002211853108714095 
0.0025451460429038904 0.0018785601745243 0.0022724518240213308 
0.002242152466367713 0.0020906556780996245 0.002454247969943037 
0.0019391588898315356 0.0025451460429038904 0.002726942188825597 
0.0021815537510604774 0.001757362743909829 0.0020906556780996245 
0.001999757605138771 0.0018482608168706824 0.002605744758211126 
0.002242152466367713 0.0020603563204460067 0.0024239486122894197 
0.0017876621015634469 0.0022724518240213308 0.0027572415464792144 
0.002030056962792389 0.00281784026178645 0.0023027511816749485 
0.0019088595321779178 0.0017270633862562113 0.0024239486122894197 
0.002363349896982184 0.0023027511816749485 0.002484547327596655 
0.0020906556780996245 0.0016058659556417404 0.002393649254635802 
0.0022724518240213308 0.0021512543934068596 0.0025451460429038904 
0.0026360441158647437 0.0022724518240213308 0.0030299357653617745 
0.002363349896982184 0.0023330505393285663 0.002242152466367713 
0.0029087383347473033 0.0020603563204460067 0.002575445400557508 
0.002454247969943037 0.0025451460429038904 0.0029996364077081567 
0.0022724518240213308 0.002726942188825597 0.0026966428311719793 
0.002605744758211126 0.0021815537510604774 0.003332929341897952 
0.0026360441158647437 0.002393649254635802 0.002969337050054539 
0.0033632286995515697 0.0028481396194400678 0.0030905344806690096 
0.0028481396194400678 0.00281784026178645 0.003514725487819658 
0.0021512543934068596 0.003302629984244334 0.0031208338383226274 
0.0031208338383226274 0.0034541267725124226 0.0025451460429038904 
0.002726942188825597 0.0034844261301660404 0.003151133195976245 
0.0028784389770936856 0.0030905344806690096 0.0024239486122894197 
0.002484547327596655 0.003666222276087747 0.0032723306265907163 
0.0027572415464792144 0.003514725487819658 0.002484547327596655 
0.0030299357653617745 0.0032420312689370985 0.0029996364077081567 
0.0021815537510604774 0.0032723306265907163 0.002605744758211126 
0.002575445400557508 0.002939037692400921 0.0019694582474851534 
0.0021815537510604774 0.0028784389770936856 0.0019391588898315356 
0.002211853108714095 0.002605744758211126 0.002120955035753242 
0.0022724518240213308 0.003423827414858805 0.002120955035753242 
0.0032117319112834808 0.003302629984244334 0.0021512543934068596 
0.0027572415464792144 0.002605744758211126 0.0021512543934068596 
0.002605744758211126 0.0030602351230153923 0.0018179614592170646 
0.0026966428311719793 0.002969337050054539 0.002120955035753242 
0.00281784026178645 0.0032420312689370985 0.0014543691673736517 
0.0019391588898315356 0.0032420312689370985 0.0016967640286025937 
0.0022724518240213308 0.0030602351230153923 0.001999757605138771 
0.0026360441158647437 0.0032723306265907163 0.0019391588898315356 
0.0023330505393285663 0.0028784389770936856 0.0018482608168706824 
0.002454247969943037 0.0028784389770936856 0.0018179614592170646 
0.0033632286995515697 0.0029996364077081567 0.0017876621015634469 
0.00281784026178645 0.002575445400557508 0.002030056962792389 
0.0034844261301660404 0.002454247969943037 0.002454247969943037 
0.0034541267725124226 0.002726942188825597 0.0019088595321779178 
0.0030905344806690096 0.0028481396194400678 0.0019088595321779178 
0.0032723306265907163 0.002787540904132832 0.0020906556780996245 
0.004151011998545631 0.0027572415464792144 0.0019694582474851534 
0.003514725487819658 0.0026966428311719793 0.0024239486122894197 
0.003696521633741365 0.0030905344806690096 0.002030056962792389 
0.0037874197067022178 0.0026966428311719793 0.0023330505393285663 
0.0030905344806690096 0.0026663434735183615 0.0021815537510604774 
0.003332929341897952 0.0023330505393285663 0.002393649254635802 
0.0033632286995515697 0.002605744758211126 0.001999757605138771 
0.002969337050054539 0.002363349896982184 0.0024239486122894197 
0.0033632286995515697 0.0025451460429038904 0.0019391588898315356 
0.002454247969943037 0.002363349896982184 0.0019391588898315356 
0.002120955035753242 0.0025451460429038904 0.0015149678826808872 
0.002575445400557508 0.001999757605138771 0.0019391588898315356 
0.0024239486122894197 0.0020603563204460067 0.001393770452066416 
0.002393649254635802 0.0020906556780996245 0.0013634710944127985 
0.002120955035753242 0.0018482608168706824 0.0016058659556417404 
0.001666464670948976 0.0016361653132953582 0.0015452672403345048 
0.0014846685250272695 0.0017270633862562113 0.0010907768755302387 
0.0015149678826808872 0.0015452672403345048 9.3928008726215E-4 
0.0012119743061447098 0.0014846685250272695 9.695794449157678E-4 
0.0014240698097200339 0.0014543691673736517 6.665858683795904E-4 
0.0012725730214519452 0.001393770452066416 6.665858683795904E-4 
7.574839413404436E-4 0.0011210762331838565 5.453884377651194E-4 
6.059871530723549E-4 0.0010301781602230034 6.665858683795904E-4 
7.574839413404436E-4 0.0010301781602230034 4.5449036480426616E-4 
5.756877954187371E-4 6.362865107259726E-4 6.362865107259726E-4 
4.2419100715064843E-4 8.483820143012969E-4 3.332929341897952E-4 
6.362865107259726E-4 7.877832989940613E-4 3.635922918434129E-4 
4.5449036480426616E-4 3.635922918434129E-4 2.4239486122894195E-4 
1.5149678826808873E-4 2.726942188825597E-4 2.1209550357532422E-4 
2.726942188825597E-4 3.332929341897952E-4 3.635922918434129E-4 
3.0299357653617746E-4 2.726942188825597E-4 3.0299357653617746E-4 
3.9389164949703065E-4 3.332929341897952E-4 6.0598715307235486E-5 
9.089807296085323E-5 2.1209550357532422E-4 9.089807296085323E-5 
9.089807296085323E-5 1.8179614592170646E-4 9.089807296085323E-5 
9.089807296085323E-5 1.2119743061447097E-4 3.0299357653617743E-5 
1.8179614592170646E-4 9.089807296085323E-5 6.0598715307235486E-5 
3.0299357653617743E-5 9.089807296085323E-5 0.0 
6.0598715307235486E-5 6.0598715307235486E-5 1.5149678826808873E-4 
9.089807296085323E-5 3.0299357653617743E-5 3.0299357653617743E-5 
3.332929341897952E-4 2.726942188825597E-4 9.089807296085323E-5 
