0.022391225306023513 0.0360259362501515 0.03502605744758211 
0.005029693370500545 0.010786571324687917 0.004726699793964368 
0.004181311356199249 0.009604896376196825 0.007332444552175494 
0.006090170888377167 0.011665252696642831 0.007090049690946552 
0.005544782450612047 0.012210641134407951 0.0077263362016725245 
0.005575081808265664 0.010544176463458975 0.008089928493515938 
0.0061204702460307845 0.010180584171615562 0.007544540055750818 
0.005999272815416313 0.008756514361895527 0.007090049690946552 
0.006059871530723549 0.007362743909829112 0.007059750333292934 
0.004605502363349897 0.006938552902678463 0.007090049690946552 
0.0045449036480426615 0.0064234638225669615 0.006635559326142286 
0.005211489516422252 0.005968973457762696 0.006817355472063992 
0.004060113925584778 0.0064234638225669615 0.006029572173069931 
0.004120712640892013 0.005302387589383105 0.006029572173069931 
0.0035753242031268937 0.005817476669494607 0.005605381165919282 
0.003696521633741365 0.0056356805235729 0.00590837474245546 
0.003302629984244334 0.004999394012846927 0.005332686947036723 
0.002939037692400921 0.0048175978669252216 0.005302387589383105 
0.003181432553629863 0.004241910071506484 0.005302387589383105 
0.0026663434735183615 0.0039692158526239245 0.005090292085807781 
0.0029087383347473033 0.003666222276087747 0.005484183735304812 
0.0026663434735183615 0.0030905344806690096 0.0058477760271482245 
0.0031208338383226274 0.0029996364077081567 0.006181068961338019 
0.0026360441158647437 0.002969337050054539 0.006605259968488668 
0.002726942188825597 0.002939037692400921 0.005787177311840989 
0.002787540904132832 0.003181432553629863 0.006726457399103139 
0.0032420312689370985 0.0030905344806690096 0.006756756756756757 
0.002939037692400921 0.0032117319112834808 0.007271845836868259 
0.0026966428311719793 0.0026663434735183615 0.006514361895527815 
0.0029087383347473033 0.003302629984244334 0.005938674100109078 
0.0030299357653617745 0.002242152466367713 0.0058477760271482245 
0.0032420312689370985 0.0023027511816749485 0.006332565749606108 
0.0029087383347473033 0.0022724518240213308 0.005302387589383105 
0.002454247969943037 0.0018179614592170646 0.00630226639195249 
0.0029087383347473033 0.0020906556780996245 0.006211368318991637 
0.0028481396194400678 0.001666464670948976 0.0051205914434613985 
0.0026360441158647437 0.002363349896982184 0.005090292085807781 
0.0027572415464792144 0.0023027511816749485 0.006090170888377167 
0.002969337050054539 0.0019391588898315356 0.005726578596533753 
0.0028784389770936856 0.002484547327596655 0.005787177311840989 
0.00281784026178645 0.0022724518240213308 0.00590837474245546 
0.002726942188825597 0.002211853108714095 0.005514483092958429 
0.0034541267725124226 0.0021512543934068596 0.005544782450612047 
0.0031208338383226274 0.002363349896982184 0.004847897224578839 
0.002575445400557508 0.002575445400557508 0.005211489516422252 
0.0033632286995515697 0.0023330505393285663 0.005090292085807781 
0.002787540904132832 0.0026966428311719793 0.005787177311840989 
0.0035753242031268937 0.002393649254635802 0.006241667676645255 
0.003181432553629863 0.002393649254635802 0.005665979881226518 
0.0029087383347473033 0.0026966428311719793 0.00524178887407587 
0.003423827414858805 0.0031208338383226274 0.00496909465519331 
0.004151011998545631 0.0029087383347473033 0.00524178887407587 
0.003726820991394982 0.002939037692400921 0.004999394012846927 
0.004241910071506484 0.00281784026178645 0.004726699793964368 
0.004211610713852866 0.003514725487819658 0.004514604290389044 
0.004454005575081808 0.0029996364077081567 0.004514604290389044 
0.0037874197067022178 0.0027572415464792144 0.005423585019997576 
0.0042722094291601015 0.0034844261301660404 0.0045449036480426615 
0.004484304932735426 0.0032420312689370985 0.003908617137316689 
0.004999394012846927 0.0037571203490486 0.003999515210277542 
0.004847897224578839 0.0035753242031268937 0.003514725487819658 
0.004908495939886074 0.00442370621742819 0.00402981456793116 
0.00442370621742819 0.004332808144467337 0.0037874197067022178 
0.004666101078657133 0.0037874197067022178 0.003666222276087747 
0.005393285662343959 0.003908617137316689 0.0033935280572051875 
0.0056356805235729 0.00496909465519331 0.0029996364077081567 
0.005362986304690341 0.003696521633741365 0.0032420312689370985 
0.005878075384801842 0.004666101078657133 0.002605744758211126 
0.004666101078657133 0.004393406859774573 0.0027572415464792144 
0.006029572173069931 0.004514604290389044 0.002605744758211126 
0.006241667676645255 0.004484304932735426 0.002575445400557508 
0.005605381165919282 0.004302508786813719 0.0023330505393285663 
0.006211368318991637 0.005575081808265664 0.0026360441158647437 
0.005575081808265664 0.004605502363349897 0.002454247969943037 
0.006090170888377167 0.003938916494970307 0.002605744758211126 
0.006877954187371227 0.0048175978669252216 0.0019391588898315356 
0.006938552902678463 0.004787298509271604 0.002211853108714095 
0.006241667676645255 0.005362986304690341 0.002454247969943037 
0.007211247121561023 0.0048175978669252216 0.0015452672403345048 
0.006484062537874197 0.005059992728154163 0.0018785601745243 
0.007029450975639316 0.0039692158526239245 0.0017876621015634469 
0.008271724639437645 0.004151011998545631 0.0019694582474851534 
0.0071506484062537875 0.004151011998545631 0.0015755665979881226 
0.009241304084353412 0.004090413283238396 0.0016361653132953582 
0.007605138771058053 0.004878196582232456 0.0014846685250272695 
0.009332202157314265 0.004393406859774573 0.001757362743909829 
0.008483820143012967 0.004393406859774573 0.001999757605138771 
0.009332202157314265 0.003666222276087747 0.001999757605138771 
0.00993818931038662 0.003514725487819658 0.0019391588898315356 
0.009877590595079384 0.004332808144467337 0.002030056962792389 
0.011847048842564538 0.0033632286995515697 0.0014543691673736517 
0.011210762331838564 0.0036056235607805115 0.0014543691673736517 
0.011119864258877711 0.00281784026178645 0.001393770452066416 
0.009756393164464913 0.003181432553629863 0.001666464670948976 
0.009059507938431705 0.0026966428311719793 0.0014543691673736517 
0.010695673251727064 0.0037874197067022178 0.0014846685250272695 
0.009089807296085323 0.002787540904132832 0.0012119743061447098 
0.0075142406980972 0.0026966428311719793 0.001393770452066416 
0.008302023997091262 0.002393649254635802 0.0017876621015634469 
0.010119985456308326 0.0021512543934068596 0.0016058659556417404 
0.008302023997091262 0.0023027511816749485 0.0018179614592170646 
0.008514119500666585 0.0026663434735183615 0.0019088595321779178 
0.007696036844018907 0.002605744758211126 0.0021512543934068596 
0.006059871530723549 0.0020906556780996245 0.0018482608168706824 
0.006877954187371227 0.00281784026178645 0.0016058659556417404 
0.006635559326142286 0.0029996364077081567 0.0017270633862562113 
0.006817355472063992 0.0031208338383226274 0.0017876621015634469 
0.005544782450612047 0.004241910071506484 0.0019694582474851534 
0.0052720882317294875 0.0051205914434613985 0.0017270633862562113 
0.005029693370500545 0.006211368318991637 0.0018785601745243 
0.005090292085807781 0.006908253545024845 0.0018785601745243 
0.0037874197067022178 0.009574597018543208 0.0017270633862562113 
0.0030602351230153923 0.015816264695188462 0.002393649254635802 
0.0030905344806690096 0.017331232577869348 0.002030056962792389 
0.003181432553629863 0.01854320688401406 0.0019694582474851534 
0.002939037692400921 0.01957338504423706 0.002242152466367713 
0.0029996364077081567 0.02296691310144225 0.0023330505393285663 
0.002120955035753242 0.020815658708035388 0.0021512543934068596 
0.0026966428311719793 0.01608895891407102 0.0020603563204460067 
0.0023330505393285663 0.01760392679675191 0.0017270633862562113 
0.0019694582474851534 0.019785480547812387 0.0019694582474851534 
0.002242152466367713 0.02414858804993334 0.002454247969943037 
0.0020906556780996245 0.022057932371833715 0.002211853108714095 
0.0018785601745243 0.013119621864016483 0.002120955035753242 
0.0022724518240213308 0.006635559326142286 0.002605744758211126 
0.0021815537510604774 0.004635801721003515 0.0030602351230153923 
0.0015452672403345048 0.004181311356199249 0.004393406859774573 
0.0016058659556417404 0.0025148466852502726 0.005302387589383105 
0.0018482608168706824 0.0025451460429038904 0.005302387589383105 
0.002242152466367713 0.002363349896982184 0.006968852260332081 
0.001999757605138771 0.002120955035753242 0.007938431705247849 
0.001666464670948976 0.0015755665979881226 0.008514119500666585 
0.0016361653132953582 0.0017270633862562113 0.010392679675190886 
0.0018785601745243 0.0014543691673736517 0.012392437280329656 
0.0015452672403345048 0.0013331717367591808 0.013059023148709248 
0.0014846685250272695 0.0010301781602230034 0.012846927645133923 
0.002363349896982184 0.0011210762331838565 0.01330141800993819 
0.0021815537510604774 0.0015452672403345048 0.0131499212216701 
0.0017876621015634469 0.0011513755908374743 0.0093928008726215 
0.0017876621015634469 0.0012422736637983274 0.008968609865470852 
0.0016967640286025937 0.001302872379105563 0.010574475821112593 
0.002030056962792389 0.0014240698097200339 0.013452914798206279 
0.0018785601745243 9.089807296085323E-4 0.014907283965579929 
0.0018785601745243 9.998788025693856E-4 0.015513271118652285 
0.002454247969943037 8.180826566476791E-4 0.015634468549266756 
0.0015755665979881226 0.0011513755908374743 0.017119137074294025 
0.0019391588898315356 6.96885226033208E-4 0.013452914798206279 
0.0024239486122894197 6.96885226033208E-4 0.011847048842564538 
0.002605744758211126 0.0012119743061447098 0.005575081808265664 
0.0023330505393285663 0.0010301781602230034 0.003181432553629863 
0.0020906556780996245 6.059871530723549E-4 0.0018179614592170646 
0.002363349896982184 9.089807296085323E-4 0.0014240698097200339 
0.0022724518240213308 0.001181674948491092 0.0015452672403345048 
0.002726942188825597 9.3928008726215E-4 0.0011210762331838565 
0.00281784026178645 0.0012119743061447098 0.0012422736637983274 
0.0025451460429038904 9.695794449157678E-4 7.271845836868258E-4 
0.002605744758211126 0.0010301781602230034 0.001060477517876621 
0.0030905344806690096 0.0010907768755302387 0.0012725730214519452 
0.002363349896982184 6.96885226033208E-4 8.180826566476791E-4 
0.0021512543934068596 0.0010907768755302387 0.001060477517876621 
0.0023330505393285663 0.0010907768755302387 0.001060477517876621 
0.002211853108714095 9.998788025693856E-4 0.001302872379105563 
0.0019391588898315356 8.786813719549145E-4 7.574839413404436E-4 
0.002787540904132832 0.0010301781602230034 9.3928008726215E-4 
0.0032117319112834808 0.0011513755908374743 0.0011210762331838565 
0.002575445400557508 0.0010301781602230034 0.0012119743061447098 
0.002242152466367713 8.483820143012969E-4 8.180826566476791E-4 
0.0024239486122894197 7.271845836868258E-4 7.574839413404436E-4 
0.002242152466367713 0.0010907768755302387 9.998788025693856E-4 
0.002120955035753242 0.0010301781602230034 9.3928008726215E-4 
0.0020906556780996245 0.001060477517876621 0.0010907768755302387 
0.0016058659556417404 7.877832989940613E-4 7.574839413404436E-4 
0.0015452672403345048 0.0011210762331838565 8.483820143012969E-4 
0.0018785601745243 0.0011513755908374743 6.665858683795904E-4 
0.0016361653132953582 0.0012422736637983274 0.0010301781602230034 
0.0015755665979881226 8.483820143012969E-4 0.0010907768755302387 
0.0014543691673736517 0.0011210762331838565 8.483820143012969E-4 
0.0017270633862562113 0.001060477517876621 9.695794449157678E-4 
0.0016361653132953582 0.0012725730214519452 0.001060477517876621 
0.0021815537510604774 0.0010907768755302387 0.0012422736637983274 
0.0018785601745243 0.001060477517876621 0.0013331717367591808 
0.0017270633862562113 0.001181674948491092 0.0011210762331838565 
0.0017876621015634469 0.0014543691673736517 0.0010907768755302387 
0.0020906556780996245 0.0012119743061447098 0.0013331717367591808 
0.0019088595321779178 8.786813719549145E-4 0.0015452672403345048 
0.0017270633862562113 8.483820143012969E-4 0.0013634710944127985 
0.002242152466367713 0.0013634710944127985 0.0012725730214519452 
0.0021815537510604774 9.695794449157678E-4 0.0015755665979881226 
0.002211853108714095 0.0015149678826808872 0.001302872379105563 
0.0016967640286025937 0.0010907768755302387 0.0016058659556417404 
0.0021512543934068596 0.0012725730214519452 0.0016967640286025937 
0.0021815537510604774 0.001757362743909829 0.0016967640286025937 
0.0025451460429038904 0.0015755665979881226 0.0016361653132953582 
0.0021815537510604774 0.001302872379105563 0.002211853108714095 
0.0023330505393285663 0.0018482608168706824 0.0019694582474851534 
0.0026360441158647437 0.002242152466367713 0.0021815537510604774 
0.0028784389770936856 0.002120955035753242 0.002575445400557508 
0.0027572415464792144 0.0022724518240213308 0.0024239486122894197 
0.002575445400557508 0.002726942188825597 0.003423827414858805 
0.0028784389770936856 0.002969337050054539 0.003181432553629863 
0.002575445400557508 0.0027572415464792144 0.003908617137316689 
0.003696521633741365 0.0028784389770936856 0.004363107502120955 
0.0039692158526239245 0.004090413283238396 0.005029693370500545 
0.004120712640892013 0.004847897224578839 0.0061204702460307845 
0.004575203005696279 0.004847897224578839 0.007756635559326142 
0.005332686947036723 0.0061204702460307845 0.008695915646588292 
0.005544782450612047 0.006211368318991637 0.009332202157314265 
0.007090049690946552 0.006605259968488668 0.008877711792509999 
0.007938431705247849 0.008362622712398498 0.009241304084353412 
0.008120227851169556 0.009483698945582354 0.015876863410495698 
0.00884741243485638 0.011150163616531329 0.012180341776754334 
0.011422857835413889 0.017664525512059145 0.008665616288934674 
0.018209913949824262 0.014664889104350988 0.006241667676645255 
0.014028602593625015 0.009301902799660648 0.004756999151617986 
0.010150284813961944 0.007877832989940613 0.00402981456793116 
0.008211125924130409 0.005726578596533753 0.004151011998545631 
0.007090049690946552 0.004999394012846927 0.003878317779663071 
0.005605381165919282 0.005029693370500545 0.0039692158526239245 
0.005575081808265664 0.004060113925584778 0.003332929341897952 
0.005362986304690341 0.0034541267725124226 0.0030602351230153923 
0.0042722094291601015 0.003514725487819658 0.0032723306265907163 
0.004151011998545631 0.003514725487819658 0.002969337050054539 
0.003938916494970307 0.0028481396194400678 0.0021815537510604774 
0.0028481396194400678 0.0021512543934068596 0.002120955035753242 
0.0029087383347473033 0.0019088595321779178 0.0014543691673736517 
0.002242152466367713 0.0018482608168706824 0.0014240698097200339 
0.0022724518240213308 0.0013331717367591808 0.0013634710944127985 
0.002211853108714095 0.0011210762331838565 0.0012725730214519452 
0.0018785601745243 9.695794449157678E-4 0.0012725730214519452 
0.0011210762331838565 9.3928008726215E-4 6.96885226033208E-4 
0.0011210762331838565 7.271845836868258E-4 8.180826566476791E-4 
9.3928008726215E-4 3.635922918434129E-4 6.665858683795904E-4 
0.001181674948491092 5.150890801115017E-4 3.9389164949703065E-4 
0.001393770452066416 1.8179614592170646E-4 4.847897224578839E-4 
9.089807296085323E-4 1.8179614592170646E-4 5.756877954187371E-4 
8.786813719549145E-4 3.9389164949703065E-4 3.9389164949703065E-4 
9.998788025693856E-4 3.332929341897952E-4 2.726942188825597E-4 
8.180826566476791E-4 2.4239486122894195E-4 2.4239486122894195E-4 
9.089807296085323E-4 2.726942188825597E-4 1.5149678826808873E-4 
6.96885226033208E-4 2.4239486122894195E-4 1.2119743061447097E-4 
4.847897224578839E-4 9.089807296085323E-5 1.5149678826808873E-4 
4.5449036480426616E-4 9.089807296085323E-5 1.5149678826808873E-4 
5.756877954187371E-4 1.2119743061447097E-4 1.8179614592170646E-4 
7.574839413404436E-4 1.2119743061447097E-4 1.2119743061447097E-4 
4.5449036480426616E-4 3.0299357653617743E-5 9.089807296085323E-5 
3.332929341897952E-4 2.4239486122894195E-4 1.8179614592170646E-4 
4.2419100715064843E-4 3.0299357653617743E-5 1.8179614592170646E-4 
3.0299357653617746E-4 1.2119743061447097E-4 6.0598715307235486E-5 
3.9389164949703065E-4 6.0598715307235486E-5 9.089807296085323E-5 
1.5149678826808873E-4 0.0 0.0 
4.5449036480426616E-4 6.0598715307235486E-5 3.0299357653617743E-5 
3.332929341897952E-4 0.0 9.089807296085323E-5 
3.332929341897952E-4 3.0299357653617743E-5 6.0598715307235486E-5 
1.8179614592170646E-4 9.089807296085323E-5 3.0299357653617743E-5 
4.2419100715064843E-4 6.0598715307235486E-5 0.0 
0.001999757605138771 2.1209550357532422E-4 3.0299357653617746E-4 
