0.03793479578232942 0.0599321294388559 0.05341776754332808 
0.0145133923160829 0.02054296448915283 0.013422615440552661 
0.011210762331838564 0.018179614592170646 0.018149315234517027 
0.010453278390498122 0.014604290389043753 0.010907768755302388 
0.01033208095988365 0.013331717367591808 0.014301296812507575 
0.005878075384801842 0.009453399587928736 0.0112713610471458 
0.006181068961338019 0.007544540055750818 0.008695915646588292 
0.00657496061083505 0.006787056114410375 0.008271724639437645 
0.005544782450612047 0.0077263362016725245 0.006665858683795904 
0.005393285662343959 0.005878075384801842 0.006514361895527815 
0.005484183735304812 0.0061204702460307845 0.0052720882317294875 
0.00630226639195249 0.006029572173069931 0.006484062537874197 
0.0048175978669252216 0.004756999151617986 0.00630226639195249 
0.005453884377651194 0.0042722094291601015 0.005059992728154163 
0.005605381165919282 0.0045449036480426615 0.004666101078657133 
0.0056356805235729 0.004363107502120955 0.004211610713852866 
0.004666101078657133 0.003545024845473276 0.004575203005696279 
0.004878196582232456 0.003938916494970307 0.004454005575081808 
0.005181190158768634 0.0042722094291601015 0.004241910071506484 
0.004756999151617986 0.0042722094291601015 0.004393406859774573 
0.004393406859774573 0.0037571203490486 0.0037571203490486 
0.004847897224578839 0.003878317779663071 0.004151011998545631 
0.0042722094291601015 0.002787540904132832 0.003514725487819658 
0.004605502363349897 0.0032723306265907163 0.002969337050054539 
0.004514604290389044 0.003908617137316689 0.004181311356199249 
0.0042722094291601015 0.0033935280572051875 0.003332929341897952 
0.004241910071506484 0.002787540904132832 0.004090413283238396 
0.004332808144467337 0.0031208338383226274 0.0034844261301660404 
0.004514604290389044 0.0029087383347473033 0.004090413283238396 
0.003696521633741365 0.003181432553629863 0.004090413283238396 
0.003999515210277542 0.002454247969943037 0.003938916494970307 
0.002787540904132832 0.0029087383347473033 0.0038480184220094533 
0.0038177190643558356 0.002787540904132832 0.003545024845473276 
0.0042722094291601015 0.0030299357653617745 0.003151133195976245 
0.003151133195976245 0.0032420312689370985 0.0038480184220094533 
0.004241910071506484 0.002969337050054539 0.0035753242031268937 
0.003514725487819658 0.0033935280572051875 0.004060113925584778 
0.0036056235607805115 0.0033935280572051875 0.003302629984244334 
0.0034541267725124226 0.003696521633741365 0.0036359229184341293 
0.0029087383347473033 0.0033632286995515697 0.004090413283238396 
0.0032723306265907163 0.002393649254635802 0.0027572415464792144 
0.0030299357653617745 0.0029996364077081567 0.004241910071506484 
0.003878317779663071 0.002939037692400921 0.004090413283238396 
0.003696521633741365 0.0029087383347473033 0.0035753242031268937 
0.0038480184220094533 0.0030905344806690096 0.0032117319112834808 
0.002787540904132832 0.002787540904132832 0.0033935280572051875 
0.003181432553629863 0.0032723306265907163 0.0033935280572051875 
0.0035753242031268937 0.002726942188825597 0.003181432553629863 
0.0030602351230153923 0.0028784389770936856 0.0037874197067022178 
0.0030905344806690096 0.0029087383347473033 0.003666222276087747 
0.002787540904132832 0.0031208338383226274 0.004120712640892013 
0.0030602351230153923 0.0030602351230153923 0.0037874197067022178 
0.0030905344806690096 0.0031208338383226274 0.0034541267725124226 
0.0030905344806690096 0.002939037692400921 0.0039692158526239245 
0.00281784026178645 0.002787540904132832 0.0034541267725124226 
0.0034541267725124226 0.003332929341897952 0.004241910071506484 
0.002939037692400921 0.003151133195976245 0.004514604290389044 
0.003514725487819658 0.0033935280572051875 0.005029693370500545 
0.0032723306265907163 0.0025451460429038904 0.005514483092958429 
0.0029996364077081567 0.002726942188825597 0.005423585019997576 
0.002969337050054539 0.002969337050054539 0.006211368318991637 
0.002787540904132832 0.0032723306265907163 0.005878075384801842 
0.002939037692400921 0.003726820991394982 0.0061204702460307845 
0.00281784026178645 0.003545024845473276 0.006665858683795904 
0.0038177190643558356 0.003302629984244334 0.00805962913586232 
0.0033935280572051875 0.0033632286995515697 0.007362743909829112 
0.004363107502120955 0.0034844261301660404 0.008211125924130409 
0.0033935280572051875 0.003908617137316689 0.008786813719549145 
0.004454005575081808 0.0033935280572051875 0.008938310507817234 
0.003908617137316689 0.004060113925584778 0.008756514361895527 
0.003999515210277542 0.0037571203490486 0.009695794449157679 
0.0038480184220094533 0.00442370621742819 0.010089686098654708 
0.003302629984244334 0.004393406859774573 0.010725972609380682 
0.0037571203490486 0.005059992728154163 0.009998788025693855 
0.004484304932735426 0.005059992728154163 0.009665495091504061 
0.0032117319112834808 0.006029572173069931 0.01021088352926918 
0.0038177190643558356 0.006090170888377167 0.009513998303235972 
0.003938916494970307 0.00657496061083505 0.0093928008726215 
0.0048175978669252216 0.006938552902678463 0.009150406011392559 
0.004605502363349897 0.008817113077202763 0.009059507938431705 
0.004999394012846927 0.009695794449157679 0.00712034904860017 
0.005393285662343959 0.011453157193067507 0.007877832989940613 
0.004635801721003515 0.011634953338989213 0.007211247121561023 
0.00442370621742819 0.011453157193067507 0.007605138771058053 
0.005726578596533753 0.010695673251727064 0.006514361895527815 
0.004847897224578839 0.011028966185916858 0.006453763180220579 
0.0052720882317294875 0.010119985456308326 0.006059871530723549 
0.005393285662343959 0.010180584171615562 0.005605381165919282 
0.0052720882317294875 0.010422979032844504 0.005605381165919282 
0.006877954187371227 0.00845352078535935 0.00524178887407587 
0.007968731062901467 0.00872621500424191 0.0052720882317294875 
0.008483820143012967 0.008756514361895527 0.004454005575081808 
0.010392679675190886 0.008362622712398498 0.0042722094291601015 
0.009059507938431705 0.008302023997091262 0.003726820991394982 
0.010422979032844504 0.007271845836868259 0.004302508786813719 
0.011210762331838564 0.006605259968488668 0.0032117319112834808 
0.012271239849715187 0.006211368318991637 0.003999515210277542 
0.012907526360441159 0.005605381165919282 0.0039692158526239245 
0.011937946915525391 0.005453884377651194 0.0034541267725124226 
0.011604653981335596 0.005362986304690341 0.003151133195976245 
0.011089564901224093 0.004999394012846927 0.0030905344806690096 
0.009665495091504061 0.00469640043631075 0.0023330505393285663 
0.008817113077202763 0.004241910071506484 0.00281784026178645 
0.008423221427705732 0.004393406859774573 0.002393649254635802 
0.008120227851169556 0.004151011998545631 0.002242152466367713 
0.009059507938431705 0.0035753242031268937 0.0028784389770936856 
0.00833232335474488 0.003545024845473276 0.0021815537510604774 
0.00954429766088959 0.003726820991394982 0.0022724518240213308 
0.009907889952733001 0.0038177190643558356 0.0019391588898315356 
0.0093928008726215 0.0030905344806690096 0.001999757605138771 
0.010271482244576415 0.0034541267725124226 0.0025148466852502726 
0.008908011150163616 0.003181432553629863 0.0017876621015634469 
0.008423221427705732 0.003151133195976245 0.0021815537510604774 
0.007696036844018907 0.003181432553629863 0.0022724518240213308 
0.008211125924130409 0.0029996364077081567 0.0023027511816749485 
0.008302023997091262 0.003151133195976245 0.0019694582474851534 
0.0075142406980972 0.002575445400557508 0.0018482608168706824 
0.0066961580414495216 0.0031208338383226274 0.0018179614592170646 
0.006332565749606108 0.0026966428311719793 0.0019088595321779178 
0.006150769603684402 0.002575445400557508 0.0018179614592170646 
0.006544661253181433 0.0023330505393285663 0.002211853108714095 
0.005817476669494607 0.0025451460429038904 0.0015452672403345048 
0.0061204702460307845 0.0023027511816749485 0.0019088595321779178 
0.006150769603684402 0.0032117319112834808 0.001757362743909829 
0.005938674100109078 0.0033632286995515697 0.0021512543934068596 
0.006605259968488668 0.003938916494970307 0.001666464670948976 
0.0056356805235729 0.004332808144467337 0.0015149678826808872 
0.005423585019997576 0.003302629984244334 0.0019088595321779178 
0.0056356805235729 0.004393406859774573 0.0020906556780996245 
0.00442370621742819 0.005605381165919282 0.001666464670948976 
0.005453884377651194 0.005332686947036723 0.0015149678826808872 
0.005059992728154163 0.0056356805235729 0.0015755665979881226 
0.00524178887407587 0.006877954187371227 0.0014543691673736517 
0.004908495939886074 0.006968852260332081 0.0014240698097200339 
0.004847897224578839 0.006150769603684402 0.0014846685250272695 
0.00402981456793116 0.006877954187371227 0.0015149678826808872 
0.003423827414858805 0.007847533632286996 0.0015452672403345048 
0.003938916494970307 0.007332444552175494 0.002030056962792389 
0.003999515210277542 0.008302023997091262 0.001302872379105563 
0.003908617137316689 0.009241304084353412 0.0019694582474851534 
0.0036359229184341293 0.008120227851169556 0.0015149678826808872 
0.004181311356199249 0.008302023997091262 0.0015452672403345048 
0.0035753242031268937 0.008362622712398498 0.001666464670948976 
0.0037571203490486 0.008392922070052116 0.0019088595321779178 
0.0034541267725124226 0.007271845836868259 0.0013634710944127985 
0.0031208338383226274 0.007211247121561023 0.001393770452066416 
0.003545024845473276 0.007908132347594231 0.001757362743909829 
0.002939037692400921 0.007271845836868259 0.002030056962792389 
0.0032117319112834808 0.00657496061083505 0.0018785601745243 
0.0028481396194400678 0.007696036844018907 0.0015755665979881226 
0.0026966428311719793 0.006635559326142286 0.0015755665979881226 
0.0031208338383226274 0.004120712640892013 0.0016967640286025937 
0.0025451460429038904 0.004605502363349897 0.0019694582474851534 
0.0023027511816749485 0.004726699793964368 0.0019694582474851534 
0.002363349896982184 0.00469640043631075 0.002211853108714095 
0.001999757605138771 0.0048175978669252216 0.0015452672403345048 
0.002242152466367713 0.0037874197067022178 0.002120955035753242 
0.0019391588898315356 0.0038480184220094533 0.001999757605138771 
0.0021815537510604774 0.003302629984244334 0.002393649254635802 
0.002211853108714095 0.002726942188825597 0.002605744758211126 
0.0019391588898315356 0.0026663434735183615 0.002939037692400921 
0.002120955035753242 0.0026663434735183615 0.0028481396194400678 
0.0016361653132953582 0.0026966428311719793 0.0028784389770936856 
0.0018785601745243 0.0026663434735183615 0.0024239486122894197 
0.0019694582474851534 0.0021512543934068596 0.0033935280572051875 
0.0019088595321779178 0.002363349896982184 0.0030905344806690096 
0.0019694582474851534 0.0021815537510604774 0.003332929341897952 
0.001666464670948976 0.001999757605138771 0.0034844261301660404 
0.0015149678826808872 0.0013634710944127985 0.003666222276087747 
0.0013331717367591808 0.0018482608168706824 0.0033632286995515697 
0.0015452672403345048 0.0018785601745243 0.003696521633741365 
0.0016058659556417404 0.0015149678826808872 0.0030905344806690096 
0.0016058659556417404 0.0012422736637983274 0.002363349896982184 
0.0016058659556417404 0.0014543691673736517 0.001999757605138771 
0.0014240698097200339 0.0016361653132953582 0.0017876621015634469 
0.001393770452066416 0.0011210762331838565 0.0019391588898315356 
0.0019088595321779178 9.998788025693856E-4 0.002030056962792389 
0.001666464670948976 0.0013331717367591808 0.0014240698097200339 
0.0016058659556417404 0.0012422736637983274 0.0013331717367591808 
0.0014543691673736517 9.695794449157678E-4 0.0014846685250272695 
0.0015452672403345048 9.695794449157678E-4 0.0019088595321779178 
0.0011210762331838565 9.695794449157678E-4 0.0018179614592170646 
0.0011210762331838565 0.0013331717367591808 0.0014240698097200339 
8.786813719549145E-4 0.0010907768755302387 0.0019694582474851534 
0.0013331717367591808 8.483820143012969E-4 0.0020906556780996245 
0.0011210762331838565 7.877832989940613E-4 0.0021512543934068596 
0.0012119743061447098 8.786813719549145E-4 0.0032117319112834808 
0.0010907768755302387 0.0010301781602230034 0.003514725487819658 
0.0010301781602230034 0.001060477517876621 0.003999515210277542 
0.0012119743061447098 0.001181674948491092 0.005665979881226518 
9.998788025693856E-4 0.0011210762331838565 0.005211489516422252 
9.089807296085323E-4 8.483820143012969E-4 0.006271967034298873 
8.180826566476791E-4 9.3928008726215E-4 0.008302023997091262 
0.0010301781602230034 5.756877954187371E-4 0.008180826566476791 
8.786813719549145E-4 0.0010907768755302387 0.00954429766088959 
0.0011210762331838565 0.0010301781602230034 0.011877348200218156 
9.998788025693856E-4 8.786813719549145E-4 0.013119621864016483 
9.089807296085323E-4 9.089807296085323E-4 0.012513634710944127 
0.0010907768755302387 7.877832989940613E-4 0.014270997454853957 
0.0010301781602230034 8.786813719549145E-4 0.011453157193067507 
0.001060477517876621 7.877832989940613E-4 0.011453157193067507 
0.001060477517876621 9.089807296085323E-4 0.009301902799660648 
9.695794449157678E-4 0.0012119743061447098 0.006877954187371227 
0.0010301781602230034 9.695794449157678E-4 0.00657496061083505 
9.089807296085323E-4 8.786813719549145E-4 0.005484183735304812 
0.0012119743061447098 8.483820143012969E-4 0.004211610713852866 
7.574839413404436E-4 0.0010301781602230034 0.0032723306265907163 
0.0012725730214519452 8.786813719549145E-4 0.002787540904132832 
9.089807296085323E-4 0.0012119743061447098 0.002605744758211126 
0.0014240698097200339 9.998788025693856E-4 0.0017876621015634469 
0.001393770452066416 9.3928008726215E-4 0.0019391588898315356 
0.0010907768755302387 8.786813719549145E-4 0.0014543691673736517 
0.0017270633862562113 9.089807296085323E-4 0.0016967640286025937 
0.0019694582474851534 0.0014543691673736517 0.001060477517876621 
0.0023330505393285663 0.0013331717367591808 0.0012119743061447098 
0.0022724518240213308 0.0013634710944127985 9.089807296085323E-4 
0.0034844261301660404 0.0021512543934068596 9.089807296085323E-4 
0.003302629984244334 0.002484547327596655 8.786813719549145E-4 
0.0034541267725124226 0.002484547327596655 6.665858683795904E-4 
0.0034541267725124226 0.0033935280572051875 7.574839413404436E-4 
0.002363349896982184 0.0032117319112834808 8.786813719549145E-4 
0.002484547327596655 0.0033935280572051875 2.4239486122894195E-4 
0.0028784389770936856 0.00281784026178645 5.453884377651194E-4 
0.002575445400557508 0.002575445400557508 3.9389164949703065E-4 
0.001999757605138771 0.0014543691673736517 3.9389164949703065E-4 
0.0018785601745243 0.0010301781602230034 4.2419100715064843E-4 
0.0016967640286025937 6.665858683795904E-4 2.726942188825597E-4 
0.001999757605138771 4.2419100715064843E-4 2.726942188825597E-4 
0.0015755665979881226 6.665858683795904E-4 1.8179614592170646E-4 
0.0017876621015634469 6.665858683795904E-4 2.1209550357532422E-4 
0.0014846685250272695 6.665858683795904E-4 3.0299357653617743E-5 
0.001060477517876621 3.9389164949703065E-4 2.1209550357532422E-4 
9.089807296085323E-4 2.726942188825597E-4 1.5149678826808873E-4 
9.3928008726215E-4 1.8179614592170646E-4 2.1209550357532422E-4 
0.0010301781602230034 1.2119743061447097E-4 6.0598715307235486E-5 
3.0299357653617746E-4 1.8179614592170646E-4 9.089807296085323E-5 
6.96885226033208E-4 9.089807296085323E-5 6.0598715307235486E-5 
6.96885226033208E-4 1.8179614592170646E-4 6.0598715307235486E-5 
5.453884377651194E-4 9.089807296085323E-5 6.0598715307235486E-5 
5.756877954187371E-4 1.2119743061447097E-4 6.0598715307235486E-5 
3.9389164949703065E-4 6.0598715307235486E-5 6.0598715307235486E-5 
4.5449036480426616E-4 9.089807296085323E-5 0.0 
3.332929341897952E-4 3.0299357653617743E-5 6.0598715307235486E-5 
4.5449036480426616E-4 9.089807296085323E-5 0.0 
2.4239486122894195E-4 6.0598715307235486E-5 3.0299357653617743E-5 
1.2119743061447097E-4 3.0299357653617743E-5 0.0 
2.4239486122894195E-4 6.0598715307235486E-5 0.0 
2.4239486122894195E-4 3.0299357653617743E-5 0.0 
1.5149678826808873E-4 0.0 0.0 
1.8179614592170646E-4 3.0299357653617743E-5 6.0598715307235486E-5 
1.2119743061447097E-4 0.0 0.0 
1.5149678826808873E-4 0.0 3.0299357653617743E-5 
1.8179614592170646E-4 0.0 0.0 
0.0 0.0 0.0 
9.089807296085323E-5 0.0 3.0299357653617743E-5 
6.059871530723549E-4 0.0 1.2119743061447097E-4 
