0.014755787177311842 0.012240940492061569 0.006393164464913344 
0.004575203005696279 0.0051205914434613985 0.001393770452066416 
0.0045449036480426615 0.006393164464913344 0.002120955035753242 
0.005211489516422252 0.007877832989940613 0.002242152466367713 
0.00778693491697976 0.009301902799660648 0.002969337050054539 
0.009968488668040237 0.00912010665373894 0.0037571203490486 
0.012119743061447098 0.010029087383347473 0.003726820991394982 
0.015240576899769724 0.00884741243485638 0.004787298509271604 
0.018846200460550237 0.00845352078535935 0.004605502363349897 
0.017785722942673617 0.007938431705247849 0.004908495939886074 
0.019027996606471944 0.006635559326142286 0.0051205914434613985 
0.019240092110047267 0.007938431705247849 0.00442370621742819 
0.016816143497757848 0.00684765482971761 0.005211489516422252 
0.015816264695188462 0.005544782450612047 0.004454005575081808 
0.014392194885468428 0.0056356805235729 0.004484304932735426 
0.01369530965943522 0.005756877954187371 0.005393285662343959 
0.013786207732396073 0.004363107502120955 0.005544782450612047 
0.01408920130893225 0.004999394012846927 0.004211610713852866 
0.012028844988486245 0.004605502363349897 0.003908617137316689 
0.01181674948491092 0.004847897224578839 0.004151011998545631 
0.013271118652284572 0.003514725487819658 0.004878196582232456 
0.011695552054296449 0.003514725487819658 0.004484304932735426 
0.012150042419100716 0.0036359229184341293 0.003696521633741365 
0.012786328929826687 0.003514725487819658 0.0039692158526239245 
0.011695552054296449 0.0026663434735183615 0.0034844261301660404 
0.011756150769603685 0.0030602351230153923 0.003878317779663071 
0.01005938674100109 0.00281784026178645 0.0035753242031268937 
0.009907889952733001 0.003332929341897952 0.003423827414858805 
0.01021088352926918 0.0032420312689370985 0.0033935280572051875 
0.008302023997091262 0.0030905344806690096 0.0030905344806690096 
0.007665737486365289 0.0032420312689370985 0.003302629984244334 
0.006938552902678463 0.0030299357653617745 0.0037571203490486 
0.006393164464913344 0.0028481396194400678 0.002969337050054539 
0.005453884377651194 0.003302629984244334 0.002787540904132832 
0.006181068961338019 0.002939037692400921 0.0035753242031268937 
0.0045449036480426615 0.0034844261301660404 0.00281784026178645 
0.004302508786813719 0.0038177190643558356 0.0032420312689370985 
0.004393406859774573 0.003999515210277542 0.0026663434735183615 
0.0038480184220094533 0.004666101078657133 0.002726942188825597 
0.004181311356199249 0.004454005575081808 0.0025148466852502726 
0.0035753242031268937 0.005484183735304812 0.0026360441158647437 
0.004211610713852866 0.005332686947036723 0.0026360441158647437 
0.0028481396194400678 0.005090292085807781 0.0029087383347473033 
0.0027572415464792144 0.0042722094291601015 0.002969337050054539 
0.0032420312689370985 0.005059992728154163 0.0026360441158647437 
0.002939037692400921 0.004666101078657133 0.002575445400557508 
0.0026360441158647437 0.004635801721003515 0.0022724518240213308 
0.002726942188825597 0.004756999151617986 0.0020603563204460067 
0.0024239486122894197 0.004635801721003515 0.0023330505393285663 
0.0029996364077081567 0.003999515210277542 0.002363349896982184 
0.0026663434735183615 0.0037571203490486 0.001757362743909829 
0.002211853108714095 0.004090413283238396 0.0022724518240213308 
0.002575445400557508 0.0032723306265907163 0.002393649254635802 
0.002454247969943037 0.003696521633741365 0.0023330505393285663 
0.0026663434735183615 0.0032420312689370985 0.00281784026178645 
0.002211853108714095 0.003423827414858805 0.002363349896982184 
0.002939037692400921 0.003545024845473276 0.0021815537510604774 
0.002939037692400921 0.0033935280572051875 0.0021815537510604774 
0.002575445400557508 0.0035753242031268937 0.0023027511816749485 
0.002363349896982184 0.0036359229184341293 0.0020603563204460067 
0.0019391588898315356 0.003545024845473276 0.002120955035753242 
0.0023330505393285663 0.0037874197067022178 0.0018785601745243 
0.002120955035753242 0.004635801721003515 0.0025451460429038904 
0.0017876621015634469 0.004181311356199249 0.0026360441158647437 
0.002030056962792389 0.004999394012846927 0.0026966428311719793 
0.0016058659556417404 0.005029693370500545 0.002120955035753242 
0.0020906556780996245 0.004332808144467337 0.002454247969943037 
0.0015149678826808872 0.004575203005696279 0.002454247969943037 
0.0019391588898315356 0.004878196582232456 0.0023027511816749485 
0.001666464670948976 0.005453884377651194 0.002454247969943037 
0.0017876621015634469 0.004484304932735426 0.002726942188825597 
0.0018785601745243 0.0052720882317294875 0.0030299357653617745 
0.0014846685250272695 0.004211610713852866 0.0027572415464792144 
0.001302872379105563 0.005211489516422252 0.002969337050054539 
0.0017876621015634469 0.00590837474245546 0.0029996364077081567 
0.0016361653132953582 0.0061204702460307845 0.0030602351230153923 
0.0013331717367591808 0.006059871530723549 0.0033935280572051875 
0.0014846685250272695 0.006514361895527815 0.0032117319112834808 
0.0015755665979881226 0.007332444552175494 0.003302629984244334 
0.0014543691673736517 0.0071506484062537875 0.0032117319112834808 
0.001302872379105563 0.0077263362016725245 0.003908617137316689 
0.0015452672403345048 0.00833232335474488 0.0037874197067022178 
0.001393770452066416 0.00833232335474488 0.003938916494970307 
0.001393770452066416 0.009211004726699794 0.0038177190643558356 
0.0015755665979881226 0.010362380317537268 0.004363107502120955 
0.0014543691673736517 0.009423100230275119 0.0045449036480426615 
0.001393770452066416 0.009907889952733001 0.0042722094291601015 
0.001393770452066416 0.010665373894073446 0.004181311356199249 
0.001302872379105563 0.009847291237425766 0.00402981456793116 
0.001393770452066416 0.008423221427705732 0.004332808144467337 
0.0013331717367591808 0.008605017573627438 0.003999515210277542 
0.0018179614592170646 0.009362501514967883 0.00442370621742819 
0.0015149678826808872 0.008877711792509999 0.0048175978669252216 
0.0015149678826808872 0.006908253545024845 0.004878196582232456 
0.0019391588898315356 0.00590837474245546 0.004635801721003515 
0.0012119743061447098 0.005332686947036723 0.004575203005696279 
0.0014846685250272695 0.004908495939886074 0.0038177190643558356 
0.0016967640286025937 0.00496909465519331 0.004635801721003515 
0.0015452672403345048 0.005090292085807781 0.0048175978669252216 
0.002211853108714095 0.004393406859774573 0.004484304932735426 
0.0016967640286025937 0.0058477760271482245 0.004454005575081808 
0.0022724518240213308 0.00496909465519331 0.0052720882317294875 
0.002605744758211126 0.00496909465519331 0.00496909465519331 
0.0027572415464792144 0.004363107502120955 0.005090292085807781 
0.0028784389770936856 0.004181311356199249 0.005362986304690341 
0.0032117319112834808 0.005332686947036723 0.005362986304690341 
0.0031208338383226274 0.005029693370500545 0.005968973457762696 
0.003151133195976245 0.004726699793964368 0.005544782450612047 
0.003423827414858805 0.0048175978669252216 0.005514483092958429 
0.0031208338383226274 0.0051205914434613985 0.006059871530723549 
0.004363107502120955 0.005059992728154163 0.006453763180220579 
0.0039692158526239245 0.004787298509271604 0.006877954187371227 
0.0037874197067022178 0.004575203005696279 0.006635559326142286 
0.0035753242031268937 0.004847897224578839 0.006362865107259726 
0.00402981456793116 0.004151011998545631 0.00630226639195249 
0.003666222276087747 0.0037571203490486 0.005787177311840989 
0.003999515210277542 0.003181432553629863 0.006726457399103139 
0.0037874197067022178 0.0029087383347473033 0.005999272815416313 
0.004060113925584778 0.0032117319112834808 0.006362865107259726 
0.0042722094291601015 0.002484547327596655 0.005878075384801842 
0.003726820991394982 0.0026663434735183615 0.006150769603684402 
0.0037874197067022178 0.0024239486122894197 0.006938552902678463 
0.003938916494970307 0.0023027511816749485 0.00657496061083505 
0.003423827414858805 0.0016967640286025937 0.00739304326748273 
0.004120712640892013 0.0021512543934068596 0.007029450975639316 
0.004120712640892013 0.0010907768755302387 0.007362743909829112 
0.0032723306265907163 0.0014240698097200339 0.007241546479214641 
0.0036056235607805115 0.0015149678826808872 0.006332565749606108 
0.003181432553629863 0.0012119743061447098 0.007090049690946552 
0.002969337050054539 0.0012422736637983274 0.0069991516179856985 
0.0030905344806690096 0.0014240698097200339 0.006756756756756757 
0.0026966428311719793 0.0013331717367591808 0.007211247121561023 
0.0036056235607805115 0.001060477517876621 0.007696036844018907 
0.002787540904132832 9.3928008726215E-4 0.006817355472063992 
0.002787540904132832 0.0011513755908374743 0.00684765482971761 
0.002242152466367713 0.001060477517876621 0.0077263362016725245 
0.0026360441158647437 9.695794449157678E-4 0.007605138771058053 
0.0019088595321779178 0.0012725730214519452 0.008756514361895527 
0.002242152466367713 0.001060477517876621 0.006605259968488668 
0.002242152466367713 9.089807296085323E-4 0.008241425281784027 
0.002120955035753242 0.0011210762331838565 0.007332444552175494 
0.001999757605138771 0.001060477517876621 0.006393164464913344 
0.002787540904132832 0.0012119743061447098 0.007453641982789964 
0.0025451460429038904 0.0011210762331838565 0.0071506484062537875 
0.0029996364077081567 0.001302872379105563 0.005817476669494607 
0.0033632286995515697 0.0012119743061447098 0.00524178887407587 
0.0030602351230153923 0.001181674948491092 0.005423585019997576 
0.0027572415464792144 0.0014240698097200339 0.004635801721003515 
0.0033632286995515697 0.0013331717367591808 0.003908617137316689 
0.0037874197067022178 0.0011210762331838565 0.003999515210277542 
0.005575081808265664 9.998788025693856E-4 0.003151133195976245 
0.007362743909829112 0.0014846685250272695 0.0027572415464792144 
0.006605259968488668 0.0013634710944127985 0.0033935280572051875 
0.008968609865470852 0.001393770452066416 0.0019088595321779178 
0.007029450975639316 0.001302872379105563 0.0019088595321779178 
0.006726457399103139 0.001302872379105563 0.0018482608168706824 
0.006181068961338019 0.0011210762331838565 0.0019088595321779178 
0.005029693370500545 0.0013331717367591808 0.001999757605138771 
0.0052720882317294875 0.0016361653132953582 0.0021512543934068596 
0.006271967034298873 0.0012725730214519452 0.0017270633862562113 
0.006241667676645255 0.0016361653132953582 0.0013331717367591808 
0.007605138771058053 0.0013331717367591808 0.0019088595321779178 
0.0071506484062537875 0.001666464670948976 0.0012119743061447098 
0.009665495091504061 0.001999757605138771 0.0013331717367591808 
0.013483214155859896 0.0015755665979881226 0.0014240698097200339 
0.011847048842564538 0.0020603563204460067 0.0014846685250272695 
0.010150284813961944 0.002575445400557508 0.0012725730214519452 
0.010119985456308326 0.002211853108714095 0.0011210762331838565 
0.013907405163010544 0.0022724518240213308 0.0015452672403345048 
0.01705853835898679 0.0024239486122894197 0.0010907768755302387 
0.01666464670948976 0.002211853108714095 0.0014543691673736517 
0.017422130650830203 0.002120955035753242 9.3928008726215E-4 
0.013725609017088837 0.002363349896982184 0.0011210762331838565 
0.006635559326142286 0.0023330505393285663 0.001666464670948976 
0.005302387589383105 0.0026360441158647437 0.0015149678826808872 
0.002120955035753242 0.003514725487819658 0.001757362743909829 
0.0013331717367591808 0.005211489516422252 0.0012422736637983274 
0.0015452672403345048 0.00684765482971761 0.0014240698097200339 
0.0013331717367591808 0.007029450975639316 0.0014846685250272695 
0.0010301781602230034 0.009332202157314265 0.0016967640286025937 
0.0011513755908374743 0.008605017573627438 0.0017876621015634469 
8.483820143012969E-4 0.00712034904860017 0.002030056962792389 
5.453884377651194E-4 0.008150527208823173 0.0021815537510604774 
5.756877954187371E-4 0.008120227851169556 0.0026966428311719793 
7.877832989940613E-4 0.00884741243485638 0.0026966428311719793 
8.786813719549145E-4 0.0075748394134044356 0.0032117319112834808 
7.574839413404436E-4 0.015179978184462489 0.003181432553629863 
6.96885226033208E-4 0.01608895891407102 0.003302629984244334 
7.877832989940613E-4 0.020179372197309416 0.0029996364077081567 
4.847897224578839E-4 0.02457277905708399 0.0032723306265907163 
7.574839413404436E-4 0.024360683553508667 0.004605502363349897 
8.180826566476791E-4 0.024512180341776754 0.007696036844018907 
6.665858683795904E-4 0.01566476790692037 0.011028966185916858 
7.877832989940613E-4 0.0075142406980972 0.011998545630832627 
6.362865107259726E-4 0.0015755665979881226 0.018482608168706824 
5.756877954187371E-4 0.0013331717367591808 0.023269906677978427 
9.3928008726215E-4 7.877832989940613E-4 0.02593625015149679 
6.362865107259726E-4 6.665858683795904E-4 0.02566355593261423 
5.453884377651194E-4 6.059871530723549E-4 0.025724154647921466 
8.786813719549145E-4 6.96885226033208E-4 0.026875530238758938 
9.3928008726215E-4 7.271845836868258E-4 0.0215125439340686 
9.089807296085323E-4 5.150890801115017E-4 0.013210519936977336 
0.0012725730214519452 4.2419100715064843E-4 0.004999394012846927 
9.998788025693856E-4 7.574839413404436E-4 0.002120955035753242 
6.96885226033208E-4 7.574839413404436E-4 0.0014846685250272695 
9.998788025693856E-4 6.665858683795904E-4 0.001302872379105563 
7.574839413404436E-4 6.362865107259726E-4 6.96885226033208E-4 
9.3928008726215E-4 7.877832989940613E-4 8.786813719549145E-4 
6.96885226033208E-4 6.059871530723549E-4 8.483820143012969E-4 
0.0012119743061447098 5.756877954187371E-4 6.362865107259726E-4 
8.786813719549145E-4 8.483820143012969E-4 5.150890801115017E-4 
9.089807296085323E-4 8.180826566476791E-4 7.877832989940613E-4 
0.0012725730214519452 0.001060477517876621 9.998788025693856E-4 
0.001302872379105563 9.695794449157678E-4 0.001181674948491092 
0.0014240698097200339 0.0011210762331838565 9.695794449157678E-4 
0.0010907768755302387 0.001060477517876621 0.0010907768755302387 
0.0017270633862562113 0.0014240698097200339 9.998788025693856E-4 
0.0015452672403345048 0.0014240698097200339 0.0015149678826808872 
0.0017270633862562113 0.001666464670948976 0.0011513755908374743 
0.0015452672403345048 0.0015755665979881226 6.665858683795904E-4 
0.0013634710944127985 0.0013331717367591808 0.0013331717367591808 
0.0012422736637983274 0.0015452672403345048 0.001302872379105563 
0.001302872379105563 0.0013331717367591808 0.0014846685250272695 
0.0016058659556417404 0.0014543691673736517 0.0015755665979881226 
0.001060477517876621 0.001302872379105563 0.0015755665979881226 
0.001060477517876621 0.0012422736637983274 0.0013634710944127985 
0.001060477517876621 0.0011210762331838565 0.0011513755908374743 
0.001060477517876621 0.0012725730214519452 0.001302872379105563 
5.150890801115017E-4 9.998788025693856E-4 0.0011210762331838565 
5.756877954187371E-4 0.001181674948491092 0.0012725730214519452 
9.089807296085323E-4 8.483820143012969E-4 8.483820143012969E-4 
4.847897224578839E-4 9.695794449157678E-4 8.786813719549145E-4 
5.756877954187371E-4 7.574839413404436E-4 7.877832989940613E-4 
4.847897224578839E-4 5.453884377651194E-4 0.001060477517876621 
3.0299357653617746E-4 6.665858683795904E-4 7.877832989940613E-4 
4.2419100715064843E-4 2.4239486122894195E-4 6.059871530723549E-4 
2.726942188825597E-4 2.726942188825597E-4 7.877832989940613E-4 
3.0299357653617746E-4 2.4239486122894195E-4 5.453884377651194E-4 
1.2119743061447097E-4 2.4239486122894195E-4 6.059871530723549E-4 
1.2119743061447097E-4 1.5149678826808873E-4 4.847897224578839E-4 
9.089807296085323E-5 3.332929341897952E-4 3.635922918434129E-4 
9.089807296085323E-5 1.8179614592170646E-4 3.332929341897952E-4 
6.0598715307235486E-5 1.5149678826808873E-4 3.0299357653617746E-4 
1.2119743061447097E-4 1.5149678826808873E-4 2.726942188825597E-4 
1.2119743061447097E-4 6.0598715307235486E-5 2.726942188825597E-4 
0.0 9.089807296085323E-5 2.1209550357532422E-4 
1.5149678826808873E-4 3.0299357653617743E-5 1.8179614592170646E-4 
0.0 6.0598715307235486E-5 1.2119743061447097E-4 
6.0598715307235486E-5 0.0 1.8179614592170646E-4 
6.0598715307235486E-5 3.0299357653617743E-5 9.089807296085323E-5 
6.0598715307235486E-5 0.0 2.726942188825597E-4 
0.0 9.089807296085323E-5 3.0299357653617743E-5 
3.0299357653617743E-5 3.0299357653617743E-5 9.089807296085323E-5 
0.0 3.0299357653617743E-5 6.0598715307235486E-5 
0.0 3.0299357653617743E-5 9.089807296085323E-5 
0.0 3.0299357653617743E-5 8.483820143012969E-4 
