0.011937946915525391 0.03502605744758211 0.031784026178645015 
0.002787540904132832 0.0145133923160829 0.003878317779663071 
0.0031208338383226274 0.023845594473397163 0.008665616288934674 
0.0029996364077081567 0.030359956368924978 0.01005938674100109 
0.003545024845473276 0.027572415464792145 0.012119743061447098 
0.003514725487819658 0.02593625015149679 0.011968246273179009 
0.0048175978669252216 0.019633983759544296 0.016301054417646347 
0.00496909465519331 0.01702823900133317 0.019785480547812387 
0.0061204702460307845 0.014664889104350988 0.020785359350381772 
0.0061204702460307845 0.01181674948491092 0.015876863410495698 
0.006938552902678463 0.010998666828263242 0.015270876257423342 
0.007029450975639316 0.010301781602230033 0.014998182038540782 
0.00712034904860017 0.009059507938431705 0.010119985456308326 
0.008483820143012967 0.008817113077202763 0.00857471821597382 
0.008635316931281056 0.007544540055750818 0.0075748394134044356 
0.009726093806811295 0.007302145194521876 0.007180947763907405 
0.009423100230275119 0.006484062537874197 0.00684765482971761 
0.0112713610471458 0.006271967034298873 0.005817476669494607 
0.013604411586474366 0.00630226639195249 0.005787177311840989 
0.01769482486971276 0.005544782450612047 0.005756877954187371 
0.020179372197309416 0.005393285662343959 0.0061204702460307845 
0.029087383347473034 0.006090170888377167 0.005332686947036723 
0.027966307114289178 0.005484183735304812 0.005423585019997576 
0.026239243728032966 0.005211489516422252 0.005999272815416313 
0.021027754211610714 0.005150890801115016 0.0056962792388801356 
0.014392194885468428 0.005211489516422252 0.0056962792388801356 
0.01208944370379348 0.004120712640892013 0.005362986304690341 
0.010574475821112593 0.005575081808265664 0.005393285662343959 
0.007756635559326142 0.0056962792388801356 0.004847897224578839 
0.007271845836868259 0.0048175978669252216 0.004938795297539692 
0.0075748394134044356 0.005453884377651194 0.00524178887407587 
0.0064234638225669615 0.004908495939886074 0.005029693370500545 
0.006241667676645255 0.004847897224578839 0.005332686947036723 
0.006908253545024845 0.005150890801115016 0.006271967034298873 
0.00590837474245546 0.0051205914434613985 0.005393285662343959 
0.005756877954187371 0.004454005575081808 0.005514483092958429 
0.005787177311840989 0.0045449036480426615 0.0056356805235729 
0.005181190158768634 0.004302508786813719 0.005878075384801842 
0.006514361895527815 0.0036359229184341293 0.004756999151617986 
0.0058477760271482245 0.004635801721003515 0.005453884377651194 
0.006211368318991637 0.003423827414858805 0.005090292085807781 
0.006393164464913344 0.00469640043631075 0.005453884377651194 
0.006150769603684402 0.0034844261301660404 0.004302508786813719 
0.007756635559326142 0.003908617137316689 0.004454005575081808 
0.00657496061083505 0.003999515210277542 0.004393406859774573 
0.007544540055750818 0.0037571203490486 0.003938916494970307 
0.006362865107259726 0.0042722094291601015 0.0051205914434613985 
0.0071506484062537875 0.0038480184220094533 0.004484304932735426 
0.00857471821597382 0.003545024845473276 0.004090413283238396 
0.008665616288934674 0.004393406859774573 0.004181311356199249 
0.006787056114410375 0.004484304932735426 0.0035753242031268937 
0.007696036844018907 0.00402981456793116 0.0035753242031268937 
0.0075748394134044356 0.003666222276087747 0.0039692158526239245 
0.007696036844018907 0.003514725487819658 0.0037571203490486 
0.007362743909829112 0.003726820991394982 0.00442370621742819 
0.006484062537874197 0.00442370621742819 0.003666222276087747 
0.007332444552175494 0.004605502363349897 0.004363107502120955 
0.005181190158768634 0.004605502363349897 0.003151133195976245 
0.005787177311840989 0.003999515210277542 0.00442370621742819 
0.008423221427705732 0.004151011998545631 0.003878317779663071 
0.007968731062901467 0.003666222276087747 0.004211610713852866 
0.008908011150163616 0.0039692158526239245 0.003666222276087747 
0.008483820143012967 0.004151011998545631 0.004454005575081808 
0.007847533632286996 0.0032723306265907163 0.00469640043631075 
0.006393164464913344 0.0032723306265907163 0.00469640043631075 
0.006484062537874197 0.0038177190643558356 0.0051205914434613985 
0.006484062537874197 0.0032723306265907163 0.004847897224578839 
0.006150769603684402 0.0031208338383226274 0.004393406859774573 
0.006059871530723549 0.0029996364077081567 0.004726699793964368 
0.00657496061083505 0.0029087383347473033 0.004363107502120955 
0.006362865107259726 0.0026966428311719793 0.004605502363349897 
0.006544661253181433 0.0036056235607805115 0.0039692158526239245 
0.00590837474245546 0.002393649254635802 0.0038177190643558356 
0.005938674100109078 0.0025451460429038904 0.003302629984244334 
0.006029572173069931 0.0020906556780996245 0.004090413283238396 
0.0048175978669252216 0.0020906556780996245 0.003545024845473276 
0.004847897224578839 0.0016361653132953582 0.0034541267725124226 
0.005090292085807781 0.0014240698097200339 0.0029087383347473033 
0.005150890801115016 0.001999757605138771 0.0029996364077081567 
0.003999515210277542 0.002242152466367713 0.002484547327596655 
0.004484304932735426 0.0017270633862562113 0.0024239486122894197 
0.003726820991394982 0.0017876621015634469 0.002726942188825597 
0.003938916494970307 0.0013634710944127985 0.0026360441158647437 
0.0037571203490486 0.0018179614592170646 0.002454247969943037 
0.003666222276087747 0.0014240698097200339 0.0024239486122894197 
0.0035753242031268937 0.0015755665979881226 0.002726942188825597 
0.0032723306265907163 0.0014846685250272695 0.0021512543934068596 
0.004575203005696279 0.0014846685250272695 0.002484547327596655 
0.003332929341897952 0.0017270633862562113 0.0019391588898315356 
0.003332929341897952 0.0015755665979881226 0.002211853108714095 
0.0029087383347473033 0.0015452672403345048 0.002242152466367713 
0.002939037692400921 0.0014846685250272695 0.0018785601745243 
0.0022724518240213308 0.001393770452066416 0.0020603563204460067 
0.002605744758211126 0.0012725730214519452 0.0020906556780996245 
0.0026663434735183615 9.089807296085323E-4 0.002030056962792389 
0.0021512543934068596 0.0016058659556417404 0.0020603563204460067 
0.002242152466367713 0.001757362743909829 0.0023027511816749485 
0.001757362743909829 0.0014543691673736517 0.0019391588898315356 
0.002575445400557508 0.0012725730214519452 0.0016967640286025937 
0.0023330505393285663 0.0014846685250272695 0.0016967640286025937 
0.0018785601745243 0.0014846685250272695 0.001393770452066416 
0.002120955035753242 0.0015452672403345048 0.0012725730214519452 
0.001757362743909829 0.002454247969943037 0.001757362743909829 
0.0019694582474851534 0.003878317779663071 0.0016058659556417404 
0.0014240698097200339 0.004635801721003515 0.001393770452066416 
0.0019088595321779178 0.004211610713852866 0.001666464670948976 
0.0023027511816749485 0.003545024845473276 0.0016058659556417404 
0.0023330505393285663 0.004393406859774573 0.001302872379105563 
0.001666464670948976 0.004060113925584778 0.0014240698097200339 
0.0018482608168706824 0.005756877954187371 0.0019391588898315356 
0.0013331717367591808 0.007059750333292934 0.0014846685250272695 
0.0017876621015634469 0.0071506484062537875 0.0019694582474851534 
0.001302872379105563 0.008665616288934674 0.0012119743061447098 
0.0012422736637983274 0.010544176463458975 0.0017270633862562113 
0.0014240698097200339 0.010938068112956006 0.0016967640286025937 
0.0010301781602230034 0.01087746939764877 0.001757362743909829 
0.0013331717367591808 0.014422494243122046 0.0019391588898315356 
0.001302872379105563 0.015543570476305902 0.0016967640286025937 
0.001302872379105563 0.013543812871167132 0.0023330505393285663 
9.089807296085323E-4 0.013392316082899043 0.0025451460429038904 
9.998788025693856E-4 0.012240940492061569 0.002363349896982184 
0.0012119743061447098 0.011362259120106653 0.00281784026178645 
9.998788025693856E-4 0.010938068112956006 0.002605744758211126 
0.001181674948491092 0.012028844988486245 0.003181432553629863 
0.0011210762331838565 0.008786813719549145 0.0029996364077081567 
6.96885226033208E-4 0.009059507938431705 0.0027572415464792144 
9.3928008726215E-4 0.00872621500424191 0.0030602351230153923 
9.089807296085323E-4 0.007029450975639316 0.003545024845473276 
8.786813719549145E-4 0.005726578596533753 0.0030602351230153923 
0.0012119743061447098 0.003696521633741365 0.0028481396194400678 
9.3928008726215E-4 0.004151011998545631 0.003423827414858805 
0.0010907768755302387 0.002605744758211126 0.0032723306265907163 
7.271845836868258E-4 0.0026663434735183615 0.0032723306265907163 
0.0010301781602230034 0.0031208338383226274 0.0029996364077081567 
9.695794449157678E-4 0.0027572415464792144 0.0033632286995515697 
8.483820143012969E-4 0.0032117319112834808 0.0037874197067022178 
8.786813719549145E-4 0.0028784389770936856 0.00281784026178645 
9.998788025693856E-4 0.0026360441158647437 0.003332929341897952 
8.180826566476791E-4 0.002242152466367713 0.003878317779663071 
7.271845836868258E-4 0.0016058659556417404 0.0030299357653617745 
9.695794449157678E-4 0.0013634710944127985 0.0032420312689370985 
9.3928008726215E-4 0.0012725730214519452 0.002939037692400921 
8.180826566476791E-4 0.0010907768755302387 0.0030905344806690096 
8.180826566476791E-4 0.001060477517876621 0.0033632286995515697 
9.998788025693856E-4 0.001060477517876621 0.0029087383347473033 
9.3928008726215E-4 0.0013331717367591808 0.0026360441158647437 
0.0010907768755302387 5.756877954187371E-4 0.002787540904132832 
8.786813719549145E-4 9.998788025693856E-4 0.0033632286995515697 
8.180826566476791E-4 9.695794449157678E-4 0.0022724518240213308 
8.180826566476791E-4 0.0010907768755302387 0.00281784026178645 
9.3928008726215E-4 7.877832989940613E-4 0.0025148466852502726 
0.001302872379105563 9.998788025693856E-4 0.0026663434735183615 
9.3928008726215E-4 6.059871530723549E-4 0.002605744758211126 
0.0010301781602230034 6.96885226033208E-4 0.0030299357653617745 
8.786813719549145E-4 9.695794449157678E-4 0.003181432553629863 
7.574839413404436E-4 9.089807296085323E-4 0.0025148466852502726 
0.0010907768755302387 9.998788025693856E-4 0.0025148466852502726 
7.877832989940613E-4 6.665858683795904E-4 0.002726942188825597 
0.001302872379105563 6.059871530723549E-4 0.002726942188825597 
9.3928008726215E-4 6.96885226033208E-4 0.0028481396194400678 
6.665858683795904E-4 9.3928008726215E-4 0.0024239486122894197 
0.0010301781602230034 0.0010301781602230034 0.0020603563204460067 
0.0011513755908374743 9.998788025693856E-4 0.0023330505393285663 
9.998788025693856E-4 7.877832989940613E-4 0.0026966428311719793 
8.786813719549145E-4 7.271845836868258E-4 0.0025451460429038904 
0.0012119743061447098 0.0010907768755302387 0.002211853108714095 
0.001393770452066416 9.089807296085323E-4 0.002484547327596655 
0.0010907768755302387 0.0012119743061447098 0.0026663434735183615 
0.001181674948491092 0.0010301781602230034 0.002454247969943037 
0.0011210762331838565 0.0018179614592170646 0.0022724518240213308 
0.001393770452066416 0.001302872379105563 0.002211853108714095 
0.001181674948491092 0.0012119743061447098 0.0023330505393285663 
0.0012725730214519452 0.001393770452066416 0.002030056962792389 
0.0013331717367591808 0.001393770452066416 0.002575445400557508 
0.0016058659556417404 0.0023027511816749485 0.002605744758211126 
0.001393770452066416 0.0017270633862562113 0.002363349896982184 
0.0017270633862562113 0.0025148466852502726 0.0032117319112834808 
0.0019391588898315356 0.002787540904132832 0.003332929341897952 
0.0015452672403345048 0.0032117319112834808 0.0034541267725124226 
0.0014543691673736517 0.0031208338383226274 0.0038177190643558356 
0.001999757605138771 0.004484304932735426 0.004726699793964368 
0.0014240698097200339 0.004454005575081808 0.005090292085807781 
0.0014846685250272695 0.004726699793964368 0.006362865107259726 
0.0019391588898315356 0.003696521633741365 0.007302145194521876 
0.0016361653132953582 0.00496909465519331 0.006635559326142286 
0.0017876621015634469 0.00496909465519331 0.005726578596533753 
0.0017876621015634469 0.004635801721003515 0.006241667676645255 
0.0013634710944127985 0.004363107502120955 0.007756635559326142 
0.0019391588898315356 0.00402981456793116 0.006393164464913344 
0.0015149678826808872 0.0038480184220094533 0.007090049690946552 
0.0016967640286025937 0.003666222276087747 0.008089928493515938 
0.0019694582474851534 0.0029087383347473033 0.008786813719549145 
0.0018482608168706824 0.002969337050054539 0.010513877105805357 
0.0018785601745243 0.0034541267725124226 0.009423100230275119 
0.001999757605138771 0.002575445400557508 0.011756150769603685 
0.002484547327596655 0.0030299357653617745 0.012574233426251363 
0.0019694582474851534 0.0030299357653617745 0.011695552054296449 
0.0027572415464792144 0.0019694582474851534 0.011756150769603685 
0.0030299357653617745 0.001757362743909829 0.011847048842564538 
0.002787540904132832 0.002454247969943037 0.011574354623681978 
0.0026663434735183615 0.0015755665979881226 0.011119864258877711 
0.0036359229184341293 0.0020603563204460067 0.0077263362016725245 
0.002969337050054539 0.0013634710944127985 0.004847897224578839 
0.0038177190643558356 0.0014846685250272695 0.003908617137316689 
0.0034844261301660404 0.0016058659556417404 0.003302629984244334 
0.004120712640892013 0.001181674948491092 0.0020906556780996245 
0.004878196582232456 0.0017876621015634469 0.002120955035753242 
0.005544782450612047 0.0015149678826808872 0.0017270633862562113 
0.005544782450612047 0.0014846685250272695 0.0010907768755302387 
0.005968973457762696 0.0014240698097200339 0.0011513755908374743 
0.005968973457762696 0.0012119743061447098 7.574839413404436E-4 
0.005878075384801842 0.001666464670948976 0.0010907768755302387 
0.006181068961338019 0.001666464670948976 8.786813719549145E-4 
0.005756877954187371 0.0014846685250272695 7.877832989940613E-4 
0.005787177311840989 0.001181674948491092 0.001060477517876621 
0.00496909465519331 8.786813719549145E-4 8.483820143012969E-4 
0.003666222276087747 0.0011210762331838565 8.180826566476791E-4 
0.004393406859774573 0.0011513755908374743 6.665858683795904E-4 
0.0033935280572051875 0.0011210762331838565 0.0010907768755302387 
0.0036056235607805115 0.0014543691673736517 9.695794449157678E-4 
0.0034541267725124226 0.001181674948491092 7.877832989940613E-4 
0.003151133195976245 0.0010301781602230034 6.665858683795904E-4 
0.003545024845473276 0.0012725730214519452 6.96885226033208E-4 
0.0026663434735183615 0.0010301781602230034 8.180826566476791E-4 
0.0028481396194400678 9.3928008726215E-4 6.059871530723549E-4 
0.003181432553629863 0.0011513755908374743 6.665858683795904E-4 
0.0021815537510604774 7.574839413404436E-4 6.059871530723549E-4 
0.0023027511816749485 9.998788025693856E-4 7.574839413404436E-4 
0.0017270633862562113 9.695794449157678E-4 5.453884377651194E-4 
0.002211853108714095 4.847897224578839E-4 6.665858683795904E-4 
0.0016058659556417404 8.180826566476791E-4 4.2419100715064843E-4 
0.0016361653132953582 7.271845836868258E-4 6.665858683795904E-4 
0.0014543691673736517 6.96885226033208E-4 6.362865107259726E-4 
0.0012119743061447098 6.665858683795904E-4 6.362865107259726E-4 
0.0016361653132953582 6.96885226033208E-4 3.9389164949703065E-4 
8.786813719549145E-4 6.362865107259726E-4 3.332929341897952E-4 
0.001181674948491092 3.9389164949703065E-4 2.726942188825597E-4 
0.0012725730214519452 3.9389164949703065E-4 4.847897224578839E-4 
9.3928008726215E-4 1.2119743061447097E-4 3.9389164949703065E-4 
0.0010301781602230034 4.2419100715064843E-4 4.847897224578839E-4 
9.998788025693856E-4 1.2119743061447097E-4 3.0299357653617746E-4 
8.786813719549145E-4 1.5149678826808873E-4 3.0299357653617746E-4 
7.271845836868258E-4 2.4239486122894195E-4 4.2419100715064843E-4 
7.877832989940613E-4 2.726942188825597E-4 4.5449036480426616E-4 
9.998788025693856E-4 2.1209550357532422E-4 6.059871530723549E-4 
6.059871530723549E-4 9.089807296085323E-5 2.4239486122894195E-4 
5.756877954187371E-4 9.089807296085323E-5 4.2419100715064843E-4 
4.5449036480426616E-4 1.2119743061447097E-4 3.635922918434129E-4 
6.665858683795904E-4 6.0598715307235486E-5 3.332929341897952E-4 
5.150890801115017E-4 6.0598715307235486E-5 1.8179614592170646E-4 
6.665858683795904E-4 6.0598715307235486E-5 2.1209550357532422E-4 
5.453884377651194E-4 1.2119743061447097E-4 3.332929341897952E-4 
4.2419100715064843E-4 0.0 2.1209550357532422E-4 
4.2419100715064843E-4 6.0598715307235486E-5 1.5149678826808873E-4 
3.9389164949703065E-4 0.0 1.5149678826808873E-4 
0.004241910071506484 0.0 0.0020906556780996245 
