0.00872621500424191 0.020906556780996243 0.027330020603563203 
0.003151133195976245 0.004999394012846927 0.0037571203490486 
0.0018179614592170646 0.0036056235607805115 0.003545024845473276 
0.002939037692400921 0.003302629984244334 0.0037874197067022178 
0.0033935280572051875 0.003332929341897952 0.0038177190643558356 
0.002242152466367713 0.0038480184220094533 0.004726699793964368 
0.0026360441158647437 0.0033935280572051875 0.002969337050054539 
0.002242152466367713 0.002605744758211126 0.003302629984244334 
0.0019391588898315356 0.002454247969943037 0.0026663434735183615 
0.0018179614592170646 0.0025451460429038904 0.003423827414858805 
0.0021512543934068596 0.002484547327596655 0.0023027511816749485 
0.002030056962792389 0.002211853108714095 0.0037874197067022178 
0.0021815537510604774 0.0030602351230153923 0.0034844261301660404 
0.0018482608168706824 0.002939037692400921 0.0030299357653617745 
0.0023330505393285663 0.0028481396194400678 0.0024239486122894197 
0.0015452672403345048 0.0026360441158647437 0.0032723306265907163 
0.0018785601745243 0.0017876621015634469 0.002363349896982184 
0.0012725730214519452 0.0020603563204460067 0.002726942188825597 
0.0020603563204460067 0.002120955035753242 0.0031208338383226274 
0.001757362743909829 0.002363349896982184 0.002787540904132832 
0.002030056962792389 0.0021815537510604774 0.0029996364077081567 
0.0019694582474851534 0.002575445400557508 0.0023330505393285663 
0.0017270633862562113 0.0018179614592170646 0.0028481396194400678 
0.0021512543934068596 0.0024239486122894197 0.0032723306265907163 
0.0018179614592170646 0.0016361653132953582 0.0026663434735183615 
0.0014846685250272695 0.002120955035753242 0.002969337050054539 
0.0015452672403345048 0.0025148466852502726 0.003726820991394982 
0.0017270633862562113 0.0020603563204460067 0.0028784389770936856 
0.002030056962792389 0.0021512543934068596 0.00281784026178645 
0.0018179614592170646 0.0024239486122894197 0.003302629984244334 
0.002242152466367713 0.002393649254635802 0.003514725487819658 
0.001999757605138771 0.0019391588898315356 0.002939037692400921 
0.0015755665979881226 0.0019088595321779178 0.0029087383347473033 
0.0020603563204460067 0.0020906556780996245 0.003545024845473276 
0.0021512543934068596 0.0019694582474851534 0.0037874197067022178 
0.0019088595321779178 0.002575445400557508 0.003726820991394982 
0.002242152466367713 0.001999757605138771 0.003423827414858805 
0.002030056962792389 0.0020906556780996245 0.003666222276087747 
0.0024239486122894197 0.0018785601745243 0.003938916494970307 
0.0022724518240213308 0.002211853108714095 0.003696521633741365 
0.0020603563204460067 0.0030299357653617745 0.003726820991394982 
0.0025148466852502726 0.0026360441158647437 0.004060113925584778 
0.0020906556780996245 0.002211853108714095 0.0042722094291601015 
0.002242152466367713 0.0029087383347473033 0.003726820991394982 
0.002242152466367713 0.0026966428311719793 0.003999515210277542 
0.0021815537510604774 0.0024239486122894197 0.003423827414858805 
0.0023330505393285663 0.0030905344806690096 0.004151011998545631 
0.002393649254635802 0.002393649254635802 0.004666101078657133 
0.0030299357653617745 0.0024239486122894197 0.0034844261301660404 
0.002454247969943037 0.0023330505393285663 0.004241910071506484 
0.002939037692400921 0.002726942188825597 0.0038177190643558356 
0.002454247969943037 0.0027572415464792144 0.0042722094291601015 
0.0025451460429038904 0.0027572415464792144 0.003938916494970307 
0.0025148466852502726 0.002969337050054539 0.003696521633741365 
0.002242152466367713 0.0027572415464792144 0.004060113925584778 
0.002393649254635802 0.0028481396194400678 0.004151011998545631 
0.0029996364077081567 0.0030299357653617745 0.003999515210277542 
0.002939037692400921 0.0037874197067022178 0.004363107502120955 
0.002969337050054539 0.0037874197067022178 0.00442370621742819 
0.00281784026178645 0.0033632286995515697 0.003908617137316689 
0.0032420312689370985 0.003302629984244334 0.004181311356199249 
0.003332929341897952 0.0042722094291601015 0.0037874197067022178 
0.0031208338383226274 0.004302508786813719 0.004090413283238396 
0.0026663434735183615 0.003908617137316689 0.0042722094291601015 
0.003423827414858805 0.0037874197067022178 0.004151011998545631 
0.002605744758211126 0.004211610713852866 0.004393406859774573 
0.0032723306265907163 0.004332808144467337 0.004241910071506484 
0.003332929341897952 0.0042722094291601015 0.004393406859774573 
0.0033935280572051875 0.003726820991394982 0.004393406859774573 
0.002787540904132832 0.004181311356199249 0.0036056235607805115 
0.004060113925584778 0.003908617137316689 0.004363107502120955 
0.003666222276087747 0.004302508786813719 0.0033935280572051875 
0.003878317779663071 0.004060113925584778 0.004938795297539692 
0.004060113925584778 0.004241910071506484 0.004908495939886074 
0.003423827414858805 0.004332808144467337 0.004756999151617986 
0.0032420312689370985 0.004302508786813719 0.0048175978669252216 
0.004302508786813719 0.00524178887407587 0.0037874197067022178 
0.004181311356199249 0.005332686947036723 0.0042722094291601015 
0.004514604290389044 0.0045449036480426615 0.004575203005696279 
0.004393406859774573 0.004938795297539692 0.004847897224578839 
0.004635801721003515 0.004938795297539692 0.004120712640892013 
0.004605502363349897 0.005878075384801842 0.004847897224578839 
0.004878196582232456 0.005453884377651194 0.00496909465519331 
0.005605381165919282 0.005302387589383105 0.004635801721003515 
0.004908495939886074 0.0052720882317294875 0.00496909465519331 
0.0052720882317294875 0.00524178887407587 0.004847897224578839 
0.006453763180220579 0.005423585019997576 0.005362986304690341 
0.006817355472063992 0.005362986304690341 0.005575081808265664 
0.006635559326142286 0.005756877954187371 0.0045449036480426615 
0.00739304326748273 0.005332686947036723 0.0051205914434613985 
0.007483941340443582 0.00590837474245546 0.004908495939886074 
0.007908132347594231 0.007180947763907405 0.005332686947036723 
0.008695915646588292 0.007483941340443582 0.0056962792388801356 
0.008392922070052116 0.007090049690946552 0.006150769603684402 
0.010150284813961944 0.0071506484062537875 0.006029572173069931 
0.009150406011392559 0.006271967034298873 0.0058477760271482245 
0.009574597018543208 0.007908132347594231 0.006150769603684402 
0.009877590595079384 0.00872621500424191 0.006544661253181433 
0.010544176463458975 0.00872621500424191 0.005817476669494607 
0.009423100230275119 0.00884741243485638 0.007029450975639316 
0.009180705369046176 0.01021088352926918 0.006484062537874197 
0.010089686098654708 0.011028966185916858 0.007211247121561023 
0.0093928008726215 0.012240940492061569 0.006635559326142286 
0.009241304084353412 0.011937946915525391 0.007696036844018907 
0.00833232335474488 0.013089322506362865 0.008150527208823173 
0.008150527208823173 0.01608895891407102 0.0075748394134044356 
0.0075142406980972 0.01357411222882075 0.007908132347594231 
0.008392922070052116 0.012695430856865834 0.007696036844018907 
0.00857471821597382 0.012968125075748394 0.009241304084353412 
0.009362501514967883 0.012422736637983274 0.008695915646588292 
0.008423221427705732 0.012453035995636892 0.009483698945582354 
0.00912010665373894 0.011634953338989213 0.01060477517876621 
0.00857471821597382 0.01060477517876621 0.010362380317537268 
0.009180705369046176 0.011119864258877711 0.012937825718094776 
0.008908011150163616 0.009816991879772148 0.012695430856865834 
0.009362501514967883 0.01021088352926918 0.013543812871167132 
0.009816991879772148 0.010665373894073446 0.01369530965943522 
0.00978669252211853 0.009877590595079384 0.012786328929826687 
0.009604896376196825 0.009301902799660648 0.012210641134407951 
0.009998788025693855 0.009150406011392559 0.011907647557871773 
0.00872621500424191 0.010392679675190886 0.011604653981335596 
0.008605017573627438 0.009816991879772148 0.011725851411950067 
0.010119985456308326 0.010029087383347473 0.01033208095988365 
0.009423100230275119 0.009574597018543208 0.009695794449157679 
0.008756514361895527 0.00954429766088959 0.00899890922312447 
0.009059507938431705 0.008877711792509999 0.00884741243485638 
0.010301781602230033 0.009877590595079384 0.00899890922312447 
0.008695915646588292 0.00833232335474488 0.007968731062901467 
0.009089807296085323 0.00857471821597382 0.008271724639437645 
0.008635316931281056 0.007999030420555085 0.007877832989940613 
0.008392922070052116 0.007968731062901467 0.00833232335474488 
0.008635316931281056 0.008180826566476791 0.007847533632286996 
0.00845352078535935 0.008544418858320203 0.007241546479214641 
0.008302023997091262 0.0074233426251363475 0.007090049690946552 
0.007332444552175494 0.008180826566476791 0.00778693491697976 
0.0074233426251363475 0.007817234274633378 0.007999030420555085 
0.00778693491697976 0.00712034904860017 0.006453763180220579 
0.006756756756756757 0.007302145194521876 0.006453763180220579 
0.006181068961338019 0.006059871530723549 0.006271967034298873 
0.007271845836868259 0.005605381165919282 0.006332565749606108 
0.006544661253181433 0.005726578596533753 0.006453763180220579 
0.006241667676645255 0.005938674100109078 0.005756877954187371 
0.00630226639195249 0.00630226639195249 0.006211368318991637 
0.005968973457762696 0.005029693370500545 0.005514483092958429 
0.00590837474245546 0.0051205914434613985 0.0052720882317294875 
0.006393164464913344 0.005544782450612047 0.004454005575081808 
0.004938795297539692 0.004514604290389044 0.004666101078657133 
0.004999394012846927 0.004575203005696279 0.004575203005696279 
0.005393285662343959 0.004181311356199249 0.004120712640892013 
0.005575081808265664 0.004120712640892013 0.004090413283238396 
0.004908495939886074 0.003423827414858805 0.004120712640892013 
0.005211489516422252 0.0035753242031268937 0.004605502363349897 
0.0045449036480426615 0.004060113925584778 0.004241910071506484 
0.004756999151617986 0.0034844261301660404 0.0035753242031268937 
0.004090413283238396 0.003696521633741365 0.0036359229184341293 
0.004120712640892013 0.0033935280572051875 0.0034541267725124226 
0.00469640043631075 0.003514725487819658 0.0032420312689370985 
0.0038480184220094533 0.0031208338383226274 0.003151133195976245 
0.003666222276087747 0.0029087383347473033 0.00281784026178645 
0.004211610713852866 0.0031208338383226274 0.0028481396194400678 
0.004090413283238396 0.0032723306265907163 0.0026663434735183615 
0.003666222276087747 0.0033935280572051875 0.002969337050054539 
0.0034541267725124226 0.002454247969943037 0.002363349896982184 
0.0037571203490486 0.0030905344806690096 0.00281784026178645 
0.0032723306265907163 0.0027572415464792144 0.0026360441158647437 
0.0031208338383226274 0.0022724518240213308 0.0021512543934068596 
0.0030602351230153923 0.002454247969943037 0.002484547327596655 
0.003332929341897952 0.0022724518240213308 0.002242152466367713 
0.0030905344806690096 0.0018482608168706824 0.0021512543934068596 
0.003545024845473276 0.0020603563204460067 0.0020603563204460067 
0.002726942188825597 0.002242152466367713 0.0021512543934068596 
0.0031208338383226274 0.0017876621015634469 0.0020906556780996245 
0.0028481396194400678 0.002242152466367713 0.0019391588898315356 
0.0034844261301660404 0.0017270633862562113 0.002454247969943037 
0.0030299357653617745 0.002120955035753242 0.0020906556780996245 
0.0032117319112834808 0.0022724518240213308 0.0016967640286025937 
0.0026966428311719793 0.0015755665979881226 0.0014240698097200339 
0.0032117319112834808 0.0018482608168706824 0.0015755665979881226 
0.002605744758211126 0.0018785601745243 0.0017876621015634469 
0.0025148466852502726 0.0016967640286025937 0.0016058659556417404 
0.0023330505393285663 0.0019391588898315356 0.0013634710944127985 
0.003151133195976245 0.001393770452066416 0.0016058659556417404 
0.0028784389770936856 0.0014543691673736517 0.0016361653132953582 
0.002939037692400921 0.0015755665979881226 0.001666464670948976 
0.002575445400557508 0.0013331717367591808 0.0017876621015634469 
0.002120955035753242 0.0016361653132953582 0.0014846685250272695 
0.002575445400557508 0.0014543691673736517 0.0018482608168706824 
0.002484547327596655 0.0012725730214519452 0.001666464670948976 
0.0024239486122894197 0.0012725730214519452 0.0014543691673736517 
0.0020906556780996245 0.0016967640286025937 0.0015452672403345048 
0.0018179614592170646 0.0014543691673736517 0.0015452672403345048 
0.0022724518240213308 0.0012119743061447098 0.0012725730214519452 
0.0022724518240213308 0.001302872379105563 0.0011513755908374743 
0.0018785601745243 0.0012725730214519452 0.0018785601745243 
0.0021815537510604774 0.0011513755908374743 0.001393770452066416 
0.0020603563204460067 0.0011513755908374743 0.0017270633862562113 
0.0019088595321779178 0.001181674948491092 0.0013331717367591808 
0.0018785601745243 0.001181674948491092 0.0012422736637983274 
0.0020906556780996245 0.0011210762331838565 0.0011210762331838565 
0.0017876621015634469 0.0012422736637983274 0.0012725730214519452 
0.0019694582474851534 0.0010301781602230034 0.001181674948491092 
0.0021512543934068596 0.001060477517876621 0.0013634710944127985 
0.0021815537510604774 0.0014846685250272695 0.0013331717367591808 
0.0023330505393285663 0.0012119743061447098 0.0012422736637983274 
0.0018785601745243 0.0010301781602230034 0.001060477517876621 
0.0017876621015634469 0.0014846685250272695 0.0012119743061447098 
0.0016058659556417404 0.001060477517876621 0.0012119743061447098 
0.0022724518240213308 0.0012422736637983274 0.001060477517876621 
0.0018785601745243 0.0013331717367591808 0.0011210762331838565 
0.0023027511816749485 9.3928008726215E-4 8.180826566476791E-4 
0.0018785601745243 0.0010301781602230034 9.695794449157678E-4 
0.0021815537510604774 0.0012725730214519452 0.0013634710944127985 
0.0021512543934068596 0.0012119743061447098 0.0012725730214519452 
0.0018179614592170646 0.001393770452066416 9.089807296085323E-4 
0.0017270633862562113 0.001060477517876621 0.0012725730214519452 
0.0018179614592170646 0.0013634710944127985 0.0014240698097200339 
0.0018482608168706824 0.0010301781602230034 0.0012725730214519452 
0.002575445400557508 0.001060477517876621 0.001393770452066416 
0.0020906556780996245 0.001666464670948976 0.0014846685250272695 
0.002454247969943037 0.001999757605138771 0.0019391588898315356 
0.002393649254635802 0.0015755665979881226 0.001393770452066416 
0.0028784389770936856 0.0017876621015634469 0.002120955035753242 
0.0022724518240213308 0.0021815537510604774 0.0019088595321779178 
0.0025451460429038904 0.002484547327596655 0.001999757605138771 
0.0029996364077081567 0.002363349896982184 0.0016361653132953582 
0.002787540904132832 0.0019694582474851534 0.0016058659556417404 
0.001999757605138771 0.002030056962792389 0.0015755665979881226 
0.001757362743909829 0.002211853108714095 0.001181674948491092 
0.0015755665979881226 0.0013331717367591808 0.001181674948491092 
0.001666464670948976 0.0017876621015634469 9.3928008726215E-4 
0.0015452672403345048 9.695794449157678E-4 7.877832989940613E-4 
0.0013634710944127985 9.3928008726215E-4 5.756877954187371E-4 
0.0010301781602230034 0.0010301781602230034 5.756877954187371E-4 
0.0010907768755302387 9.998788025693856E-4 6.059871530723549E-4 
7.574839413404436E-4 3.332929341897952E-4 4.5449036480426616E-4 
0.0010907768755302387 3.9389164949703065E-4 3.635922918434129E-4 
0.0010301781602230034 6.059871530723549E-4 4.847897224578839E-4 
9.089807296085323E-4 2.726942188825597E-4 3.9389164949703065E-4 
8.786813719549145E-4 5.756877954187371E-4 3.332929341897952E-4 
5.453884377651194E-4 4.847897224578839E-4 2.1209550357532422E-4 
8.786813719549145E-4 3.332929341897952E-4 9.089807296085323E-5 
5.453884377651194E-4 1.8179614592170646E-4 3.635922918434129E-4 
3.332929341897952E-4 3.635922918434129E-4 6.0598715307235486E-5 
6.059871530723549E-4 2.4239486122894195E-4 2.1209550357532422E-4 
6.362865107259726E-4 2.726942188825597E-4 1.5149678826808873E-4 
3.0299357653617746E-4 0.0 2.1209550357532422E-4 
4.2419100715064843E-4 3.332929341897952E-4 1.8179614592170646E-4 
2.1209550357532422E-4 9.089807296085323E-5 1.2119743061447097E-4 
3.635922918434129E-4 9.089807296085323E-5 1.8179614592170646E-4 
1.5149678826808873E-4 6.0598715307235486E-5 1.8179614592170646E-4 
1.2119743061447097E-4 9.089807296085323E-5 2.1209550357532422E-4 
1.2119743061447097E-4 3.0299357653617743E-5 9.089807296085323E-5 
1.5149678826808873E-4 3.0299357653617743E-5 1.2119743061447097E-4 
1.5149678826808873E-4 0.0 0.0 
1.8179614592170646E-4 6.0598715307235486E-5 3.0299357653617743E-5 
0.0011210762331838565 1.2119743061447097E-4 9.089807296085323E-5 
