0.005090292085807781 0.0019088595321779178 0.004393406859774573 
9.695794449157678E-4 6.362865107259726E-4 4.2419100715064843E-4 
0.0010301781602230034 4.847897224578839E-4 9.695794449157678E-4 
9.695794449157678E-4 4.5449036480426616E-4 2.4239486122894195E-4 
0.0011513755908374743 4.5449036480426616E-4 5.453884377651194E-4 
0.0014846685250272695 3.332929341897952E-4 8.180826566476791E-4 
0.001666464670948976 5.150890801115017E-4 6.96885226033208E-4 
0.0014543691673736517 9.089807296085323E-4 0.0014240698097200339 
0.001757362743909829 4.2419100715064843E-4 0.0012119743061447098 
0.0016058659556417404 6.059871530723549E-4 9.089807296085323E-4 
0.002030056962792389 4.2419100715064843E-4 0.0011513755908374743 
0.0016361653132953582 5.756877954187371E-4 9.089807296085323E-4 
0.0019088595321779178 5.453884377651194E-4 0.0010301781602230034 
0.002120955035753242 6.665858683795904E-4 7.271845836868258E-4 
0.0016361653132953582 7.574839413404436E-4 0.0010907768755302387 
0.0021815537510604774 7.271845836868258E-4 0.0011513755908374743 
0.001999757605138771 9.3928008726215E-4 7.877832989940613E-4 
0.0024239486122894197 9.695794449157678E-4 8.483820143012969E-4 
0.0022724518240213308 6.362865107259726E-4 8.786813719549145E-4 
0.002605744758211126 0.001060477517876621 9.695794449157678E-4 
0.0021512543934068596 6.059871530723549E-4 0.0010301781602230034 
0.003423827414858805 7.574839413404436E-4 0.001060477517876621 
0.003181432553629863 9.695794449157678E-4 8.786813719549145E-4 
0.003151133195976245 0.0012725730214519452 7.877832989940613E-4 
0.0025451460429038904 0.001060477517876621 7.271845836868258E-4 
0.003726820991394982 0.001181674948491092 0.001060477517876621 
0.0032420312689370985 0.0011513755908374743 7.574839413404436E-4 
0.0035753242031268937 0.0010907768755302387 7.877832989940613E-4 
0.003514725487819658 0.0014240698097200339 9.3928008726215E-4 
0.003514725487819658 0.0012422736637983274 8.483820143012969E-4 
0.0042722094291601015 0.001302872379105563 9.3928008726215E-4 
0.004151011998545631 0.0011210762331838565 0.001060477517876621 
0.004090413283238396 0.0013331717367591808 8.180826566476791E-4 
0.0036056235607805115 0.0013634710944127985 7.271845836868258E-4 
0.0038177190643558356 0.001302872379105563 6.362865107259726E-4 
0.004090413283238396 0.0017270633862562113 6.96885226033208E-4 
0.003908617137316689 0.0014543691673736517 9.3928008726215E-4 
0.004666101078657133 0.0020906556780996245 6.96885226033208E-4 
0.005029693370500545 0.0020603563204460067 9.998788025693856E-4 
0.004847897224578839 0.0018785601745243 9.089807296085323E-4 
0.004787298509271604 0.0021815537510604774 7.877832989940613E-4 
0.00442370621742819 0.0023027511816749485 0.0011513755908374743 
0.0048175978669252216 0.0021512543934068596 9.998788025693856E-4 
0.004666101078657133 0.002211853108714095 9.3928008726215E-4 
0.00524178887407587 0.0021512543934068596 7.877832989940613E-4 
0.0051205914434613985 0.002605744758211126 7.574839413404436E-4 
0.0045449036480426615 0.0022724518240213308 8.483820143012969E-4 
0.0048175978669252216 0.0032117319112834808 7.877832989940613E-4 
0.004635801721003515 0.00281784026178645 9.998788025693856E-4 
0.00469640043631075 0.002969337050054539 0.0010301781602230034 
0.0039692158526239245 0.0032117319112834808 0.0011210762331838565 
0.004211610713852866 0.0028784389770936856 8.786813719549145E-4 
0.004393406859774573 0.0033632286995515697 0.0012725730214519452 
0.004514604290389044 0.0032117319112834808 9.695794449157678E-4 
0.00402981456793116 0.0032420312689370985 0.0012422736637983274 
0.004484304932735426 0.0037874197067022178 9.998788025693856E-4 
0.004332808144467337 0.003726820991394982 0.0012119743061447098 
0.004151011998545631 0.003302629984244334 0.0011513755908374743 
0.003938916494970307 0.0039692158526239245 0.0014543691673736517 
0.004484304932735426 0.004666101078657133 0.0010907768755302387 
0.004878196582232456 0.0035753242031268937 0.0012119743061447098 
0.004635801721003515 0.004120712640892013 0.001181674948491092 
0.0045449036480426615 0.004302508786813719 0.0015149678826808872 
0.004847897224578839 0.004363107502120955 0.0015755665979881226 
0.0038480184220094533 0.003938916494970307 0.0013331717367591808 
0.003666222276087747 0.004847897224578839 0.001060477517876621 
0.003878317779663071 0.00442370621742819 0.0016361653132953582 
0.004666101078657133 0.004241910071506484 0.0015755665979881226 
0.004363107502120955 0.004181311356199249 0.001302872379105563 
0.004454005575081808 0.003696521633741365 0.0015452672403345048 
0.004332808144467337 0.004635801721003515 0.001757362743909829 
0.004090413283238396 0.004787298509271604 0.0014240698097200339 
0.005181190158768634 0.005453884377651194 0.0011513755908374743 
0.004847897224578839 0.004787298509271604 0.001666464670948976 
0.004847897224578839 0.004363107502120955 0.001757362743909829 
0.005665979881226518 0.004454005575081808 0.0020906556780996245 
0.005059992728154163 0.005090292085807781 0.0018179614592170646 
0.0048175978669252216 0.004605502363349897 0.0020603563204460067 
0.004847897224578839 0.005362986304690341 0.002120955035753242 
0.0056962792388801356 0.0052720882317294875 0.002363349896982184 
0.005938674100109078 0.005968973457762696 0.002363349896982184 
0.004756999151617986 0.0052720882317294875 0.002575445400557508 
0.005575081808265664 0.005332686947036723 0.002726942188825597 
0.005059992728154163 0.005605381165919282 0.002363349896982184 
0.005726578596533753 0.005453884377651194 0.002211853108714095 
0.0051205914434613985 0.005484183735304812 0.002363349896982184 
0.005059992728154163 0.005484183735304812 0.0030602351230153923 
0.005575081808265664 0.005090292085807781 0.0034844261301660404 
0.006877954187371227 0.0045449036480426615 0.0031208338383226274 
0.008483820143012967 0.004454005575081808 0.0033632286995515697 
0.008817113077202763 0.004878196582232456 0.0029996364077081567 
0.006484062537874197 0.005059992728154163 0.003151133195976245 
0.0077263362016725245 0.004514604290389044 0.0038177190643558356 
0.00630226639195249 0.004332808144467337 0.003666222276087747 
0.00684765482971761 0.00442370621742819 0.0033935280572051875 
0.007241546479214641 0.004847897224578839 0.0036056235607805115 
0.0071506484062537875 0.004666101078657133 0.0029996364077081567 
0.0061204702460307845 0.0048175978669252216 0.0037874197067022178 
0.00630226639195249 0.005544782450612047 0.004181311356199249 
0.006544661253181433 0.005544782450612047 0.004120712640892013 
0.005968973457762696 0.004635801721003515 0.004120712640892013 
0.004241910071506484 0.0052720882317294875 0.004332808144467337 
0.004575203005696279 0.005453884377651194 0.004211610713852866 
0.003726820991394982 0.0061204702460307845 0.004332808144467337 
0.004999394012846927 0.006453763180220579 0.005181190158768634 
0.004514604290389044 0.005999272815416313 0.005575081808265664 
0.004666101078657133 0.005302387589383105 0.004060113925584778 
0.004605502363349897 0.004878196582232456 0.006090170888377167 
0.004302508786813719 0.005756877954187371 0.004878196582232456 
0.004999394012846927 0.0056962792388801356 0.004908495939886074 
0.004635801721003515 0.005514483092958429 0.005544782450612047 
0.004999394012846927 0.005029693370500545 0.005423585019997576 
0.004514604290389044 0.005211489516422252 0.005059992728154163 
0.004454005575081808 0.005332686947036723 0.00524178887407587 
0.004514604290389044 0.005484183735304812 0.0056962792388801356 
0.00469640043631075 0.005665979881226518 0.005029693370500545 
0.004605502363349897 0.0056356805235729 0.005787177311840989 
0.004635801721003515 0.0052720882317294875 0.004605502363349897 
0.004666101078657133 0.0052720882317294875 0.005393285662343959 
0.0034844261301660404 0.0052720882317294875 0.005302387589383105 
0.0039692158526239245 0.005090292085807781 0.004575203005696279 
0.004151011998545631 0.005059992728154163 0.004908495939886074 
0.003666222276087747 0.005514483092958429 0.005605381165919282 
0.0034844261301660404 0.0056962792388801356 0.0048175978669252216 
0.0030299357653617745 0.005393285662343959 0.005665979881226518 
0.0030905344806690096 0.005423585019997576 0.005453884377651194 
0.002787540904132832 0.006181068961338019 0.0056356805235729 
0.002787540904132832 0.006605259968488668 0.005878075384801842 
0.0030602351230153923 0.007908132347594231 0.006150769603684402 
0.002939037692400921 0.008514119500666585 0.006181068961338019 
0.002787540904132832 0.008695915646588292 0.0064234638225669615 
0.0031208338383226274 0.007756635559326142 0.006362865107259726 
0.0032420312689370985 0.008029329778208702 0.00657496061083505 
0.0029996364077081567 0.008908011150163616 0.005756877954187371 
0.0030299357653617745 0.007999030420555085 0.006241667676645255 
0.0026360441158647437 0.008483820143012967 0.006453763180220579 
0.00281784026178645 0.008786813719549145 0.005756877954187371 
0.0028784389770936856 0.008756514361895527 0.006059871530723549 
0.002726942188825597 0.008514119500666585 0.006968852260332081 
0.0026360441158647437 0.007696036844018907 0.006332565749606108 
0.002454247969943037 0.0066961580414495216 0.006453763180220579 
0.0021815537510604774 0.005332686947036723 0.006059871530723549 
0.0021815537510604774 0.005393285662343959 0.006090170888377167 
0.002575445400557508 0.005150890801115016 0.0058477760271482245 
0.0026663434735183615 0.005090292085807781 0.00524178887407587 
0.0025148466852502726 0.00590837474245546 0.005453884377651194 
0.0019694582474851534 0.003908617137316689 0.005514483092958429 
0.0028481396194400678 0.004635801721003515 0.004211610713852866 
0.002484547327596655 0.004454005575081808 0.00524178887407587 
0.00281784026178645 0.0036359229184341293 0.005393285662343959 
0.002363349896982184 0.004484304932735426 0.004666101078657133 
0.002120955035753242 0.0038177190643558356 0.004635801721003515 
0.002211853108714095 0.0032420312689370985 0.004454005575081808 
0.001999757605138771 0.00469640043631075 0.004575203005696279 
0.002484547327596655 0.003666222276087747 0.004575203005696279 
0.0021512543934068596 0.0032420312689370985 0.0045449036480426615 
0.0029087383347473033 0.0037874197067022178 0.004090413283238396 
0.002726942188825597 0.00442370621742819 0.004120712640892013 
0.0021512543934068596 0.003514725487819658 0.004060113925584778 
0.002484547327596655 0.003302629984244334 0.004756999151617986 
0.002454247969943037 0.002484547327596655 0.004605502363349897 
0.002363349896982184 0.0031208338383226274 0.004605502363349897 
0.002484547327596655 0.0024239486122894197 0.003878317779663071 
0.0024239486122894197 0.002363349896982184 0.004393406859774573 
0.002454247969943037 0.0026360441158647437 0.00469640043631075 
0.0026360441158647437 0.002575445400557508 0.004393406859774573 
0.002605744758211126 0.002726942188825597 0.00402981456793116 
0.0026360441158647437 0.0026663434735183615 0.0036359229184341293 
0.0027572415464792144 0.0028784389770936856 0.004575203005696279 
0.00281784026178645 0.002726942188825597 0.004120712640892013 
0.0023330505393285663 0.0030602351230153923 0.004332808144467337 
0.0027572415464792144 0.0028784389770936856 0.00402981456793116 
0.0025148466852502726 0.0027572415464792144 0.005302387589383105 
0.002363349896982184 0.002787540904132832 0.005029693370500545 
0.0028481396194400678 0.0030299357653617745 0.005332686947036723 
0.002484547327596655 0.0023330505393285663 0.00524178887407587 
0.0029087383347473033 0.002787540904132832 0.005484183735304812 
0.0025451460429038904 0.0026966428311719793 0.005362986304690341 
0.002939037692400921 0.0029996364077081567 0.004726699793964368 
0.0024239486122894197 0.0032420312689370985 0.0045449036480426615 
0.0028784389770936856 0.0027572415464792144 0.005544782450612047 
0.0028784389770936856 0.002787540904132832 0.006362865107259726 
0.002605744758211126 0.003332929341897952 0.0058477760271482245 
0.002363349896982184 0.002575445400557508 0.006150769603684402 
0.0028481396194400678 0.0026663434735183615 0.006059871530723549 
0.002120955035753242 0.0029996364077081567 0.006059871530723549 
0.002726942188825597 0.003151133195976245 0.006090170888377167 
0.0030905344806690096 0.002939037692400921 0.006605259968488668 
0.0028784389770936856 0.0027572415464792144 0.007453641982789964 
0.0030602351230153923 0.0032117319112834808 0.008392922070052116 
0.0034844261301660404 0.002787540904132832 0.008271724639437645 
0.0025148466852502726 0.0029996364077081567 0.007483941340443582 
0.0021815537510604774 0.003302629984244334 0.007877832989940613 
0.002969337050054539 0.003181432553629863 0.009211004726699794 
0.0032117319112834808 0.0033632286995515697 0.009513998303235972 
0.0031208338383226274 0.0027572415464792144 0.009059507938431705 
0.0030905344806690096 0.0029996364077081567 0.01005938674100109 
0.00281784026178645 0.003514725487819658 0.00954429766088959 
0.003423827414858805 0.0031208338383226274 0.011119864258877711 
0.003151133195976245 0.0025451460429038904 0.009726093806811295 
0.004635801721003515 0.0028481396194400678 0.009332202157314265 
0.004090413283238396 0.0032117319112834808 0.008665616288934674 
0.0037874197067022178 0.0032117319112834808 0.007817234274633378 
0.00442370621742819 0.0034541267725124226 0.009574597018543208 
0.003696521633741365 0.0037571203490486 0.008120227851169556 
0.004635801721003515 0.003938916494970307 0.007968731062901467 
0.003999515210277542 0.0035753242031268937 0.005726578596533753 
0.0039692158526239245 0.004120712640892013 0.005968973457762696 
0.004090413283238396 0.004120712640892013 0.006150769603684402 
0.005332686947036723 0.004514604290389044 0.00590837474245546 
0.004847897224578839 0.005150890801115016 0.007635438128711671 
0.004908495939886074 0.005393285662343959 0.008392922070052116 
0.00496909465519331 0.005453884377651194 0.010029087383347473 
0.005090292085807781 0.006665858683795904 0.013392316082899043 
0.005999272815416313 0.007544540055750818 0.010938068112956006 
0.007332444552175494 0.00993818931038662 0.01048357774815174 
0.0074233426251363475 0.012119743061447098 0.009423100230275119 
0.009726093806811295 0.01663434735183614 0.011392558477760271 
0.010725972609380682 0.01851290752636044 0.010453278390498122 
0.014210398739546722 0.014543691673736517 0.00912010665373894 
0.012968125075748394 0.012574233426251363 0.009665495091504061 
0.012301539207368805 0.013362016725245425 0.009029208580778087 
0.013119621864016483 0.011574354623681978 0.007696036844018907 
0.014846685250272695 0.011422857835413889 0.0077263362016725245 
0.013634710944127984 0.010241182886922797 0.008029329778208702 
0.0112713610471458 0.009241304084353412 0.007029450975639316 
0.009877590595079384 0.00657496061083505 0.006787056114410375 
0.00912010665373894 0.005999272815416313 0.005878075384801842 
0.007180947763907405 0.005332686947036723 0.005484183735304812 
0.005665979881226518 0.0039692158526239245 0.004302508786813719 
0.004999394012846927 0.003514725487819658 0.003545024845473276 
0.005090292085807781 0.002787540904132832 0.0031208338383226274 
0.0037571203490486 0.002726942188825597 0.002605744758211126 
0.003151133195976245 0.0019391588898315356 0.003151133195976245 
0.002969337050054539 0.0013634710944127985 0.0020603563204460067 
0.0023330505393285663 0.0020906556780996245 0.0018482608168706824 
0.0021815537510604774 0.0011513755908374743 0.001666464670948976 
0.0019391588898315356 7.271845836868258E-4 0.0015452672403345048 
0.0014543691673736517 8.483820143012969E-4 0.0015755665979881226 
0.001393770452066416 6.665858683795904E-4 8.483820143012969E-4 
0.0012725730214519452 6.059871530723549E-4 9.3928008726215E-4 
0.0012725730214519452 3.9389164949703065E-4 0.001060477517876621 
9.998788025693856E-4 3.9389164949703065E-4 5.453884377651194E-4 
5.756877954187371E-4 3.635922918434129E-4 8.483820143012969E-4 
4.5449036480426616E-4 2.726942188825597E-4 5.756877954187371E-4 
5.756877954187371E-4 9.089807296085323E-5 6.665858683795904E-4 
4.847897224578839E-4 1.2119743061447097E-4 2.726942188825597E-4 
3.635922918434129E-4 1.8179614592170646E-4 3.635922918434129E-4 
3.9389164949703065E-4 0.0 2.726942188825597E-4 
2.4239486122894195E-4 1.5149678826808873E-4 3.332929341897952E-4 
2.1209550357532422E-4 9.089807296085323E-5 2.1209550357532422E-4 
2.1209550357532422E-4 6.0598715307235486E-5 3.0299357653617746E-4 
1.8179614592170646E-4 9.089807296085323E-5 1.8179614592170646E-4 
1.8179614592170646E-4 1.2119743061447097E-4 2.1209550357532422E-4 
6.0598715307235486E-5 0.0 1.8179614592170646E-4 
6.059871530723549E-4 1.8179614592170646E-4 0.0011513755908374743 
