0.0 0.0 0.0 
0.0 0.0 0.0 
0.0 0.0 0.0 
0.0 0.0 0.0 
0.0 0.0 0.0 
0.0 0.0 0.0 
0.0 0.0 0.0 
0.0 0.0 0.0 
0.0 0.0 0.0 
0.0 0.0 0.0 
0.0 0.0 0.0 
0.0 0.0 0.0 
0.0 0.0 0.0 
0.0 0.0 0.0 
0.0 0.0 0.0 
0.0 0.0 0.0 
0.0 0.0 0.0 
0.0 0.0 0.0 
0.0 0.0 0.0 
0.0 0.0 0.0 
0.0 0.0 0.0 
0.0 0.0 0.0 
0.0 0.0 0.0 
0.0 0.0 0.0 
0.0 0.0 0.0 
0.0 0.0 0.0 
0.0 0.0 0.0 
0.0 0.0 0.0 
0.0 0.0 0.0 
0.0 0.0 0.0 
0.0 0.0 0.0 
0.0 0.0 0.0 
0.0 0.0 0.0 
0.0 0.0 0.0 
0.0 0.0 0.0 
0.0 0.0 0.0 
0.0 0.0 6.0598715307235486E-5 
0.0 0.0 0.0 
0.0 0.0 3.0299357653617743E-5 
0.0 0.0 1.2119743061447097E-4 
0.0 0.0 1.8179614592170646E-4 
0.0 0.0 2.4239486122894195E-4 
0.0 0.0 4.5449036480426616E-4 
0.0 0.0 6.059871530723549E-4 
0.0 0.0 8.786813719549145E-4 
0.0 0.0 9.998788025693856E-4 
0.0 0.0 0.0010907768755302387 
3.0299357653617743E-5 3.0299357653617743E-5 0.0010301781602230034 
3.0299357653617743E-5 0.0 0.0013331717367591808 
0.0 0.0 0.0012422736637983274 
0.0 3.0299357653617743E-5 0.001302872379105563 
9.089807296085323E-5 3.0299357653617743E-5 0.002393649254635802 
9.089807296085323E-5 6.0598715307235486E-5 0.003908617137316689 
6.0598715307235486E-5 6.0598715307235486E-5 0.005756877954187371 
0.0 6.0598715307235486E-5 0.006817355472063992 
6.0598715307235486E-5 3.0299357653617743E-5 0.010362380317537268 
1.2119743061447097E-4 3.0299357653617743E-5 0.009483698945582354 
6.0598715307235486E-5 6.0598715307235486E-5 0.011180462974184947 
3.0299357653617743E-5 9.089807296085323E-5 0.010150284813961944 
1.2119743061447097E-4 9.089807296085323E-5 0.010665373894073446 
2.726942188825597E-4 3.0299357653617743E-5 0.009726093806811295 
3.332929341897952E-4 9.089807296085323E-5 0.009301902799660648 
3.0299357653617746E-4 3.332929341897952E-4 0.006059871530723549 
6.362865107259726E-4 5.150890801115017E-4 0.006362865107259726 
7.271845836868258E-4 3.635922918434129E-4 0.005605381165919282 
0.0024239486122894197 4.5449036480426616E-4 0.004363107502120955 
0.0028784389770936856 5.453884377651194E-4 0.004060113925584778 
0.003151133195976245 0.0023330505393285663 0.004060113925584778 
0.0032723306265907163 0.0021512543934068596 0.004363107502120955 
0.005575081808265664 0.0021815537510604774 0.0042722094291601015 
0.005605381165919282 0.0029087383347473033 0.004666101078657133 
0.007938431705247849 0.003726820991394982 0.004787298509271604 
0.00739304326748273 0.00496909465519331 0.006181068961338019 
0.009301902799660648 0.00590837474245546 0.005484183735304812 
0.009180705369046176 0.00657496061083505 0.006181068961338019 
0.009877590595079384 0.0075142406980972 0.007332444552175494 
0.0093928008726215 0.00845352078535935 0.0074233426251363475 
0.01021088352926918 0.00872621500424191 0.0077263362016725245 
0.010574475821112593 0.007847533632286996 0.008877711792509999 
0.008786813719549145 0.00872621500424191 0.009816991879772148 
0.007271845836868259 0.008695915646588292 0.010938068112956006 
0.007817234274633378 0.009241304084353412 0.011119864258877711 
0.008392922070052116 0.00954429766088959 0.013422615440552661 
0.008877711792509999 0.008029329778208702 0.012695430856865834 
0.010392679675190886 0.009907889952733001 0.012998424433402012 
0.011119864258877711 0.011847048842564538 0.012695430856865834 
0.010544176463458975 0.011725851411950067 0.014664889104350988 
0.012301539207368805 0.012240940492061569 0.014210398739546722 
0.01330141800993819 0.012816628287480305 0.015149678826808871 
0.015210277542116107 0.016331353775299963 0.016816143497757848 
0.015422373045691431 0.01717973578960126 0.016482850563568054 
0.015543570476305902 0.017513028723791055 0.017210035147254877 
0.01599806084111017 0.018846200460550237 0.01624045570233911 
0.018209913949824262 0.017876621015634468 0.013725609017088837 
0.019118894679432796 0.02057326384680645 0.01478608653496546 
0.019149194037086415 0.021906435583565628 0.013846806447703308 
0.02054296448915283 0.020755059992728152 0.011907647557871773 
0.017876621015634468 0.021785238152951157 0.011998545630832627 
0.017906920373288088 0.02227002787540904 0.01033208095988365 
0.016361653132953582 0.019633983759544296 0.010241182886922797 
0.015876863410495698 0.020058174766694945 0.008877711792509999 
0.013877105805356926 0.01693734092837232 0.007241546479214641 
0.012392437280329656 0.014967882680887164 0.0071506484062537875 
0.011028966185916858 0.014270997454853957 0.005756877954187371 
0.010938068112956006 0.01233183856502242 0.005211489516422252 
0.009726093806811295 0.01021088352926918 0.00442370621742819 
0.007453641982789964 0.009665495091504061 0.004363107502120955 
0.007696036844018907 0.008271724639437645 0.003545024845473276 
0.006605259968488668 0.0077263362016725245 0.003302629984244334 
0.00590837474245546 0.006514361895527815 0.002484547327596655 
0.006059871530723549 0.005090292085807781 0.002787540904132832 
0.0048175978669252216 0.005181190158768634 0.0020906556780996245 
0.004454005575081808 0.004878196582232456 0.001757362743909829 
0.0038480184220094533 0.0032420312689370985 0.0021512543934068596 
0.004090413283238396 0.003696521633741365 0.0012422736637983274 
0.004151011998545631 0.0032420312689370985 0.001666464670948976 
0.0038177190643558356 0.002575445400557508 0.0012422736637983274 
0.002787540904132832 0.0018785601745243 8.180826566476791E-4 
0.0032723306265907163 0.001999757605138771 0.0012422736637983274 
0.002242152466367713 0.001757362743909829 9.695794449157678E-4 
0.0028784389770936856 0.001393770452066416 6.362865107259726E-4 
0.002120955035753242 0.001181674948491092 7.574839413404436E-4 
0.0020906556780996245 0.001393770452066416 6.96885226033208E-4 
0.0023027511816749485 0.001181674948491092 3.635922918434129E-4 
0.0015755665979881226 0.0011513755908374743 3.9389164949703065E-4 
0.0015755665979881226 0.0010301781602230034 6.665858683795904E-4 
0.0016058659556417404 0.0011513755908374743 5.756877954187371E-4 
0.0015149678826808872 9.089807296085323E-4 3.9389164949703065E-4 
0.0013634710944127985 7.271845836868258E-4 4.847897224578839E-4 
9.998788025693856E-4 6.059871530723549E-4 4.847897224578839E-4 
0.0010301781602230034 7.877832989940613E-4 3.0299357653617746E-4 
6.362865107259726E-4 8.180826566476791E-4 3.9389164949703065E-4 
7.574839413404436E-4 7.271845836868258E-4 1.8179614592170646E-4 
5.756877954187371E-4 6.059871530723549E-4 2.726942188825597E-4 
6.059871530723549E-4 4.5449036480426616E-4 4.847897224578839E-4 
6.96885226033208E-4 4.847897224578839E-4 3.332929341897952E-4 
6.665858683795904E-4 7.271845836868258E-4 3.0299357653617746E-4 
3.635922918434129E-4 4.2419100715064843E-4 2.1209550357532422E-4 
3.635922918434129E-4 4.847897224578839E-4 1.5149678826808873E-4 
3.332929341897952E-4 1.5149678826808873E-4 1.8179614592170646E-4 
2.4239486122894195E-4 3.0299357653617746E-4 9.089807296085323E-5 
3.635922918434129E-4 1.5149678826808873E-4 1.8179614592170646E-4 
3.635922918434129E-4 2.726942188825597E-4 2.726942188825597E-4 
1.8179614592170646E-4 2.726942188825597E-4 2.1209550357532422E-4 
2.4239486122894195E-4 1.2119743061447097E-4 2.4239486122894195E-4 
2.726942188825597E-4 3.635922918434129E-4 2.1209550357532422E-4 
2.1209550357532422E-4 1.5149678826808873E-4 3.0299357653617746E-4 
2.1209550357532422E-4 1.8179614592170646E-4 3.332929341897952E-4 
1.2119743061447097E-4 2.4239486122894195E-4 2.1209550357532422E-4 
1.8179614592170646E-4 1.8179614592170646E-4 2.1209550357532422E-4 
3.635922918434129E-4 2.1209550357532422E-4 1.2119743061447097E-4 
2.1209550357532422E-4 2.726942188825597E-4 1.8179614592170646E-4 
1.8179614592170646E-4 2.4239486122894195E-4 2.726942188825597E-4 
2.1209550357532422E-4 1.8179614592170646E-4 1.2119743061447097E-4 
1.8179614592170646E-4 2.4239486122894195E-4 1.5149678826808873E-4 
3.0299357653617746E-4 2.4239486122894195E-4 2.1209550357532422E-4 
2.726942188825597E-4 3.0299357653617746E-4 1.2119743061447097E-4 
1.5149678826808873E-4 2.1209550357532422E-4 2.1209550357532422E-4 
3.332929341897952E-4 2.1209550357532422E-4 1.5149678826808873E-4 
3.635922918434129E-4 1.2119743061447097E-4 2.1209550357532422E-4 
2.726942188825597E-4 3.9389164949703065E-4 3.635922918434129E-4 
3.332929341897952E-4 2.1209550357532422E-4 2.4239486122894195E-4 
3.635922918434129E-4 1.2119743061447097E-4 2.4239486122894195E-4 
2.4239486122894195E-4 1.5149678826808873E-4 1.8179614592170646E-4 
2.726942188825597E-4 2.1209550357532422E-4 1.5149678826808873E-4 
3.9389164949703065E-4 2.1209550357532422E-4 2.726942188825597E-4 
3.635922918434129E-4 2.4239486122894195E-4 3.635922918434129E-4 
5.150890801115017E-4 3.9389164949703065E-4 1.5149678826808873E-4 
2.4239486122894195E-4 4.2419100715064843E-4 1.8179614592170646E-4 
5.453884377651194E-4 3.9389164949703065E-4 3.635922918434129E-4 
7.271845836868258E-4 3.635922918434129E-4 2.4239486122894195E-4 
7.271845836868258E-4 3.332929341897952E-4 4.2419100715064843E-4 
8.180826566476791E-4 4.5449036480426616E-4 4.5449036480426616E-4 
0.0011210762331838565 3.332929341897952E-4 5.756877954187371E-4 
5.150890801115017E-4 3.9389164949703065E-4 2.1209550357532422E-4 
0.001060477517876621 6.059871530723549E-4 6.362865107259726E-4 
9.695794449157678E-4 7.574839413404436E-4 6.96885226033208E-4 
0.0015149678826808872 6.665858683795904E-4 9.089807296085323E-4 
0.001302872379105563 7.574839413404436E-4 9.695794449157678E-4 
0.0014240698097200339 9.089807296085323E-4 0.0013331717367591808 
0.001181674948491092 6.96885226033208E-4 0.0012725730214519452 
0.0023330505393285663 0.0012119743061447098 0.0017270633862562113 
0.0030905344806690096 8.786813719549145E-4 0.0016361653132953582 
0.0029996364077081567 0.0015149678826808872 0.0031208338383226274 
0.005150890801115016 0.0014543691673736517 0.0030602351230153923 
0.00590837474245546 0.0014240698097200339 0.003938916494970307 
0.006908253545024845 0.001302872379105563 0.004060113925584778 
0.008817113077202763 0.0019088595321779178 0.006453763180220579 
0.007696036844018907 0.0013331717367591808 0.011786450127257302 
0.007271845836868259 0.002575445400557508 0.01396800387831778 
0.008211125924130409 0.0021815537510604774 0.016876742213065083 
0.01408920130893225 0.004090413283238396 0.0271482244576415 
0.016149557629378256 0.005999272815416313 0.027420918676524058 
0.013846806447703308 0.007544540055750818 0.03451096836747061 
0.016573748636528905 0.0077263362016725245 0.036541025330262995 
0.01745243000848382 0.00884741243485638 0.04429766088958914 
0.020239970912616652 0.011210762331838564 0.036692522118531086 
0.01866440431462853 0.01866440431462853 0.031905223609259487 
0.025299963640770817 0.0271482244576415 0.03187492425160587 
0.030662949945461156 0.03275360562356078 0.03402617864501273 
0.05520542964489153 0.03135983517149436 0.031238637740879892 
0.0759907889952733 0.04220700521148952 0.012422736637983274 
0.041540419343109924 0.054599442491819174 0.005938674100109078 
0.011028966185916858 0.054841837353048116 0.002120955035753242 
0.002605744758211126 0.058780753848018424 0.0012119743061447098 
0.0012725730214519452 0.03502605744758211 0.001060477517876621 
0.0011210762331838565 0.006908253545024845 8.483820143012969E-4 
7.877832989940613E-4 0.0019694582474851534 7.877832989940613E-4 
7.271845836868258E-4 0.0013634710944127985 9.695794449157678E-4 
8.483820143012969E-4 8.786813719549145E-4 3.9389164949703065E-4 
4.2419100715064843E-4 8.483820143012969E-4 5.756877954187371E-4 
5.150890801115017E-4 7.574839413404436E-4 5.756877954187371E-4 
3.0299357653617746E-4 4.5449036480426616E-4 3.0299357653617746E-4 
2.1209550357532422E-4 4.2419100715064843E-4 2.726942188825597E-4 
3.332929341897952E-4 2.4239486122894195E-4 6.0598715307235486E-5 
2.1209550357532422E-4 3.9389164949703065E-4 2.726942188825597E-4 
1.8179614592170646E-4 3.0299357653617746E-4 9.089807296085323E-5 
9.089807296085323E-5 1.5149678826808873E-4 1.5149678826808873E-4 
6.0598715307235486E-5 3.0299357653617746E-4 1.2119743061447097E-4 
6.0598715307235486E-5 6.0598715307235486E-5 0.0 
9.089807296085323E-5 0.0 6.0598715307235486E-5 
9.089807296085323E-5 9.089807296085323E-5 1.2119743061447097E-4 
0.0 9.089807296085323E-5 3.0299357653617743E-5 
3.0299357653617743E-5 6.0598715307235486E-5 0.0 
0.0 0.0 0.0 
0.0 3.0299357653617743E-5 0.0 
0.0 0.0 0.0 
0.0 0.0 0.0 
0.0 0.0 0.0 
0.0 0.0 0.0 
0.0 0.0 0.0 
0.0 0.0 0.0 
0.0 0.0 0.0 
0.0 0.0 0.0 
0.0 0.0 0.0 
0.0 0.0 0.0 
0.0 0.0 3.0299357653617743E-5 
0.0 0.0 0.0 
3.0299357653617743E-5 3.0299357653617743E-5 0.0 
0.0 0.0 0.0 
0.0 0.0 0.0 
0.0 0.0 0.0 
0.0 0.0 0.0 
0.0 0.0 0.0 
0.0 0.0 0.0 
0.0 0.0 0.0 
0.0 0.0 0.0 
0.0 0.0 0.0 
0.0 0.0 0.0 
0.0 0.0 0.0 
0.0 0.0 0.0 
0.0 0.0 0.0 
0.0 0.0 0.0 
0.0 0.0 0.0 
0.0 0.0 0.0 
0.0 0.0 0.0 
