0.0 1.8179614592170646E-4 6.059871530723549E-4 
0.0 9.089807296085323E-5 1.8179614592170646E-4 
0.0 0.0 1.5149678826808873E-4 
3.0299357653617743E-5 6.0598715307235486E-5 1.8179614592170646E-4 
3.0299357653617743E-5 1.8179614592170646E-4 2.726942188825597E-4 
0.0 1.5149678826808873E-4 3.635922918434129E-4 
3.0299357653617743E-5 3.0299357653617743E-5 2.1209550357532422E-4 
0.0 2.4239486122894195E-4 4.5449036480426616E-4 
9.089807296085323E-5 1.8179614592170646E-4 2.726942188825597E-4 
6.0598715307235486E-5 9.089807296085323E-5 3.332929341897952E-4 
1.2119743061447097E-4 1.5149678826808873E-4 3.332929341897952E-4 
9.089807296085323E-5 3.332929341897952E-4 4.5449036480426616E-4 
9.089807296085323E-5 4.5449036480426616E-4 4.847897224578839E-4 
1.2119743061447097E-4 6.96885226033208E-4 7.271845836868258E-4 
1.5149678826808873E-4 4.847897224578839E-4 4.847897224578839E-4 
2.4239486122894195E-4 6.059871530723549E-4 6.96885226033208E-4 
3.0299357653617746E-4 9.089807296085323E-4 9.3928008726215E-4 
3.9389164949703065E-4 6.665858683795904E-4 7.877832989940613E-4 
3.332929341897952E-4 8.483820143012969E-4 0.0011210762331838565 
5.150890801115017E-4 9.695794449157678E-4 8.786813719549145E-4 
7.271845836868258E-4 0.0014846685250272695 0.001181674948491092 
7.574839413404436E-4 0.0016058659556417404 0.0016967640286025937 
5.453884377651194E-4 0.0014543691673736517 8.786813719549145E-4 
7.574839413404436E-4 0.001181674948491092 0.0014846685250272695 
0.0011513755908374743 0.0014240698097200339 0.001393770452066416 
0.0011513755908374743 0.002120955035753242 0.0014543691673736517 
0.0015149678826808872 0.001393770452066416 0.0017270633862562113 
0.001393770452066416 0.0018179614592170646 0.0014846685250272695 
0.0014240698097200339 0.0014543691673736517 0.0018179614592170646 
0.001393770452066416 0.001999757605138771 0.0015755665979881226 
0.0015149678826808872 0.0023330505393285663 0.0019391588898315356 
0.001757362743909829 0.0018179614592170646 0.0020906556780996245 
0.0018482608168706824 0.001999757605138771 0.0014846685250272695 
0.0015755665979881226 0.0026663434735183615 0.0020906556780996245 
0.002030056962792389 0.0023027511816749485 0.0019391588898315356 
0.001999757605138771 0.0021512543934068596 0.0022724518240213308 
0.002120955035753242 0.002787540904132832 0.0021815537510604774 
0.0021815537510604774 0.0026966428311719793 0.002605744758211126 
0.0019088595321779178 0.003181432553629863 0.0030602351230153923 
0.002030056962792389 0.0032420312689370985 0.0030602351230153923 
0.0025451460429038904 0.0029087383347473033 0.002787540904132832 
0.002939037692400921 0.0034541267725124226 0.003332929341897952 
0.0026360441158647437 0.003181432553629863 0.0030905344806690096 
0.002363349896982184 0.0035753242031268937 0.003545024845473276 
0.002575445400557508 0.003423827414858805 0.003908617137316689 
0.002787540904132832 0.003696521633741365 0.00442370621742819 
0.00281784026178645 0.004332808144467337 0.0039692158526239245 
0.003302629984244334 0.0033935280572051875 0.004605502363349897 
0.002969337050054539 0.0038480184220094533 0.004120712640892013 
0.0030602351230153923 0.0032723306265907163 0.005150890801115016 
0.0032420312689370985 0.004060113925584778 0.00496909465519331 
0.0030905344806690096 0.0037571203490486 0.005302387589383105 
0.0036056235607805115 0.0037874197067022178 0.005787177311840989 
0.003423827414858805 0.0034541267725124226 0.00524178887407587 
0.003696521633741365 0.003514725487819658 0.005575081808265664 
0.004060113925584778 0.003696521633741365 0.005332686947036723 
0.00469640043631075 0.003666222276087747 0.006332565749606108 
0.005090292085807781 0.003423827414858805 0.006484062537874197 
0.0056962792388801356 0.004120712640892013 0.0056962792388801356 
0.007029450975639316 0.003151133195976245 0.006271967034298873 
0.006605259968488668 0.0036359229184341293 0.006484062537874197 
0.005575081808265664 0.004151011998545631 0.006544661253181433 
0.006150769603684402 0.0033632286995515697 0.006393164464913344 
0.006787056114410375 0.0030602351230153923 0.006635559326142286 
0.0056356805235729 0.0032117319112834808 0.00778693491697976 
0.004847897224578839 0.0033935280572051875 0.007605138771058053 
0.005332686947036723 0.003181432553629863 0.007241546479214641 
0.005181190158768634 0.0030602351230153923 0.007332444552175494 
0.004090413283238396 0.0026360441158647437 0.007696036844018907 
0.004514604290389044 0.0031208338383226274 0.007211247121561023 
0.004151011998545631 0.0028784389770936856 0.007544540055750818 
0.004090413283238396 0.002363349896982184 0.008241425281784027 
0.004363107502120955 0.0025451460429038904 0.008635316931281056 
0.005211489516422252 0.0026966428311719793 0.008938310507817234 
0.004575203005696279 0.0025148466852502726 0.008635316931281056 
0.004999394012846927 0.0029087383347473033 0.009211004726699794 
0.005332686947036723 0.0028481396194400678 0.00978669252211853 
0.004787298509271604 0.0028784389770936856 0.009604896376196825 
0.005302387589383105 0.0030602351230153923 0.009059507938431705 
0.005787177311840989 0.0029087383347473033 0.008877711792509999 
0.004938795297539692 0.002575445400557508 0.009483698945582354 
0.004484304932735426 0.002969337050054539 0.008483820143012967 
0.004908495939886074 0.0026663434735183615 0.009089807296085323 
0.004999394012846927 0.0030905344806690096 0.008120227851169556 
0.005302387589383105 0.0032117319112834808 0.007999030420555085 
0.004787298509271604 0.003696521633741365 0.007544540055750818 
0.005302387589383105 0.004241910071506484 0.008271724639437645 
0.004302508786813719 0.004666101078657133 0.00712034904860017 
0.004938795297539692 0.006362865107259726 0.006787056114410375 
0.005878075384801842 0.006787056114410375 0.0058477760271482245 
0.005150890801115016 0.0066961580414495216 0.005150890801115016 
0.004999394012846927 0.006211368318991637 0.005544782450612047 
0.004484304932735426 0.00630226639195249 0.005090292085807781 
0.005029693370500545 0.005787177311840989 0.0037571203490486 
0.005029693370500545 0.005362986304690341 0.004363107502120955 
0.004847897224578839 0.0045449036480426615 0.0042722094291601015 
0.004605502363349897 0.004666101078657133 0.003514725487819658 
0.005090292085807781 0.004454005575081808 0.003878317779663071 
0.005544782450612047 0.004938795297539692 0.0030299357653617745 
0.004484304932735426 0.0042722094291601015 0.00281784026178645 
0.004635801721003515 0.005878075384801842 0.0025451460429038904 
0.004575203005696279 0.005211489516422252 0.0018179614592170646 
0.005029693370500545 0.005514483092958429 0.002242152466367713 
0.004575203005696279 0.005302387589383105 0.002211853108714095 
0.0051205914434613985 0.0056962792388801356 0.0020906556780996245 
0.004635801721003515 0.00684765482971761 0.001999757605138771 
0.003999515210277542 0.0071506484062537875 0.001393770452066416 
0.004211610713852866 0.006787056114410375 0.001666464670948976 
0.005302387589383105 0.00778693491697976 0.0014543691673736517 
0.005423585019997576 0.007211247121561023 0.0014846685250272695 
0.00524178887407587 0.006514361895527815 0.0011210762331838565 
0.005999272815416313 0.006665858683795904 0.0011210762331838565 
0.005423585019997576 0.006726457399103139 0.001060477517876621 
0.005817476669494607 0.006968852260332081 9.695794449157678E-4 
0.005968973457762696 0.0074233426251363475 0.0011513755908374743 
0.005059992728154163 0.007999030420555085 0.0011513755908374743 
0.005544782450612047 0.0069991516179856985 0.001060477517876621 
0.005362986304690341 0.007483941340443582 8.786813719549145E-4 
0.006029572173069931 0.007635438128711671 6.665858683795904E-4 
0.00469640043631075 0.008029329778208702 8.180826566476791E-4 
0.005211489516422252 0.008089928493515938 7.877832989940613E-4 
0.004605502363349897 0.007696036844018907 6.362865107259726E-4 
0.005423585019997576 0.007271845836868259 5.150890801115017E-4 
0.0056356805235729 0.008635316931281056 8.180826566476791E-4 
0.005332686947036723 0.008271724639437645 6.665858683795904E-4 
0.006362865107259726 0.007241546479214641 3.332929341897952E-4 
0.00590837474245546 0.007908132347594231 3.0299357653617746E-4 
0.006059871530723549 0.007999030420555085 5.756877954187371E-4 
0.006635559326142286 0.009180705369046176 6.362865107259726E-4 
0.0056962792388801356 0.007908132347594231 6.059871530723549E-4 
0.006756756756756757 0.0077263362016725245 4.847897224578839E-4 
0.00684765482971761 0.008120227851169556 2.726942188825597E-4 
0.0069991516179856985 0.007362743909829112 3.635922918434129E-4 
0.00630226639195249 0.007029450975639316 3.0299357653617746E-4 
0.00657496061083505 0.006968852260332081 1.2119743061447097E-4 
0.0075142406980972 0.006635559326142286 3.0299357653617746E-4 
0.007362743909829112 0.006726457399103139 3.332929341897952E-4 
0.007059750333292934 0.007241546479214641 3.332929341897952E-4 
0.006968852260332081 0.00590837474245546 3.0299357653617746E-4 
0.00630226639195249 0.005968973457762696 1.5149678826808873E-4 
0.00712034904860017 0.005484183735304812 1.8179614592170646E-4 
0.0069991516179856985 0.004635801721003515 1.5149678826808873E-4 
0.006059871530723549 0.004999394012846927 2.4239486122894195E-4 
0.0066961580414495216 0.003696521633741365 3.635922918434129E-4 
0.006332565749606108 0.004120712640892013 3.332929341897952E-4 
0.006393164464913344 0.0037571203490486 1.2119743061447097E-4 
0.005302387589383105 0.0033935280572051875 1.5149678826808873E-4 
0.005059992728154163 0.0030905344806690096 2.1209550357532422E-4 
0.004756999151617986 0.0027572415464792144 3.0299357653617746E-4 
0.0042722094291601015 0.002787540904132832 4.5449036480426616E-4 
0.003514725487819658 0.002030056962792389 4.847897224578839E-4 
0.003666222276087747 0.0019088595321779178 6.665858683795904E-4 
0.002363349896982184 0.0012422736637983274 4.2419100715064843E-4 
0.0034844261301660404 0.0014543691673736517 5.150890801115017E-4 
0.0023330505393285663 0.0012422736637983274 6.059871530723549E-4 
0.001666464670948976 0.0011210762331838565 7.574839413404436E-4 
0.0019088595321779178 6.96885226033208E-4 4.847897224578839E-4 
0.0015755665979881226 6.059871530723549E-4 9.998788025693856E-4 
0.001302872379105563 6.96885226033208E-4 6.96885226033208E-4 
0.0012725730214519452 6.96885226033208E-4 8.786813719549145E-4 
7.877832989940613E-4 4.5449036480426616E-4 9.3928008726215E-4 
9.3928008726215E-4 6.059871530723549E-4 0.0012725730214519452 
9.998788025693856E-4 5.453884377651194E-4 0.0012422736637983274 
9.3928008726215E-4 5.756877954187371E-4 0.0015149678826808872 
8.483820143012969E-4 6.059871530723549E-4 0.001757362743909829 
8.483820143012969E-4 6.665858683795904E-4 0.0020906556780996245 
7.877832989940613E-4 5.150890801115017E-4 0.002242152466367713 
8.180826566476791E-4 6.362865107259726E-4 0.002211853108714095 
7.271845836868258E-4 3.9389164949703065E-4 0.0030905344806690096 
6.96885226033208E-4 4.5449036480426616E-4 0.003151133195976245 
8.180826566476791E-4 4.5449036480426616E-4 0.002939037692400921 
9.3928008726215E-4 7.574839413404436E-4 0.004363107502120955 
8.180826566476791E-4 8.180826566476791E-4 0.004878196582232456 
9.3928008726215E-4 3.635922918434129E-4 0.0052720882317294875 
8.180826566476791E-4 6.362865107259726E-4 0.006393164464913344 
0.0010907768755302387 6.362865107259726E-4 0.007544540055750818 
9.998788025693856E-4 6.665858683795904E-4 0.008483820143012967 
0.0012119743061447098 5.756877954187371E-4 0.007544540055750818 
0.0016058659556417404 6.665858683795904E-4 0.006453763180220579 
0.0013331717367591808 7.271845836868258E-4 0.0075748394134044356 
0.0010301781602230034 7.271845836868258E-4 0.006453763180220579 
0.0011513755908374743 7.574839413404436E-4 0.005544782450612047 
0.0018179614592170646 7.271845836868258E-4 0.005393285662343959 
0.0016967640286025937 6.96885226033208E-4 0.005211489516422252 
0.0016967640286025937 8.786813719549145E-4 0.004241910071506484 
0.001666464670948976 6.96885226033208E-4 0.004635801721003515 
0.002030056962792389 6.059871530723549E-4 0.005090292085807781 
0.0012422736637983274 5.756877954187371E-4 0.0035753242031268937 
0.0014240698097200339 8.786813719549145E-4 0.003514725487819658 
0.0015149678826808872 6.059871530723549E-4 0.004363107502120955 
0.0014543691673736517 8.483820143012969E-4 0.0036359229184341293 
0.0016361653132953582 5.453884377651194E-4 0.0034844261301660404 
0.0019694582474851534 0.0010301781602230034 0.003181432553629863 
0.002393649254635802 9.998788025693856E-4 0.0029996364077081567 
0.0025451460429038904 8.786813719549145E-4 0.0018785601745243 
0.0030602351230153923 7.271845836868258E-4 0.0019391588898315356 
0.0038480184220094533 7.574839413404436E-4 0.0017270633862562113 
0.003545024845473276 0.0014240698097200339 0.0016967640286025937 
0.0048175978669252216 0.001181674948491092 0.0019391588898315356 
0.004575203005696279 0.0018785601745243 0.0014240698097200339 
0.006393164464913344 0.002211853108714095 0.001666464670948976 
0.00684765482971761 0.002484547327596655 0.0015149678826808872 
0.007211247121561023 0.0024239486122894197 0.0016058659556417404 
0.008605017573627438 0.002484547327596655 0.0014240698097200339 
0.008968609865470852 0.003423827414858805 0.0019694582474851534 
0.009483698945582354 0.004575203005696279 0.004332808144467337 
0.00993818931038662 0.005817476669494607 0.005059992728154163 
0.010089686098654708 0.007847533632286996 0.006362865107259726 
0.012786328929826687 0.009483698945582354 0.00884741243485638 
0.01381650709004969 0.013422615440552661 0.0064234638225669615 
0.01608895891407102 0.011150163616531329 0.00778693491697976 
0.018300812022785117 0.013786207732396073 0.008544418858320203 
0.016301054417646347 0.012816628287480305 0.011634953338989213 
0.015785965337534843 0.014604290389043753 0.013634710944127984 
0.017210035147254877 0.0150284813961944 0.01717973578960126 
0.015937462125802934 0.019300690825354502 0.021451945218761363 
0.016058659556417405 0.02308811053205672 0.024118288692279725 
0.015876863410495698 0.02763301418009938 0.026754332808144467 
0.01654344927887529 0.0257847533632287 0.027905708398981943 
0.015725366622227607 0.02320930796267119 0.027966307114289178 
0.012240940492061569 0.02245182402133075 0.02808750454490365 
0.008877711792509999 0.019906677978426858 0.024330384195855047 
0.009847291237425766 0.0163919524906072 0.020755059992728152 
0.006787056114410375 0.013937704520664162 0.017634226154405526 
0.006090170888377167 0.014604290389043753 0.01330141800993819 
0.004605502363349897 0.010574475821112593 0.008786813719549145 
0.004999394012846927 0.007302145194521876 0.006908253545024845 
0.0024239486122894197 0.0056962792388801356 0.0056356805235729 
0.0020906556780996245 0.0029996364077081567 0.004241910071506484 
9.089807296085323E-4 0.0020906556780996245 0.003514725487819658 
0.001060477517876621 0.0015755665979881226 0.0028784389770936856 
3.0299357653617746E-4 5.756877954187371E-4 0.002393649254635802 
4.5449036480426616E-4 7.574839413404436E-4 0.001999757605138771 
1.8179614592170646E-4 1.8179614592170646E-4 0.0012725730214519452 
1.5149678826808873E-4 2.4239486122894195E-4 9.3928008726215E-4 
6.0598715307235486E-5 2.4239486122894195E-4 0.001060477517876621 
6.0598715307235486E-5 9.089807296085323E-5 8.483820143012969E-4 
6.0598715307235486E-5 6.0598715307235486E-5 8.483820143012969E-4 
0.0 9.089807296085323E-5 5.453884377651194E-4 
0.0 9.089807296085323E-5 6.665858683795904E-4 
0.0 0.0 4.2419100715064843E-4 
0.0 6.0598715307235486E-5 5.453884377651194E-4 
0.0 3.0299357653617743E-5 4.847897224578839E-4 
0.0 0.0 3.332929341897952E-4 
0.0 0.0 4.847897224578839E-4 
0.0 0.0 3.0299357653617746E-4 
0.0 6.0598715307235486E-5 2.1209550357532422E-4 
0.0 0.0 3.332929341897952E-4 
0.0 0.0 1.8179614592170646E-4 
0.0 0.0 1.2119743061447097E-4 
0.0 0.0 1.8179614592170646E-4 
0.0 0.0 1.5149678826808873E-4 
0.0 0.0 1.2119743061447097E-4 
0.0 0.0 2.1209550357532422E-4 
0.0 0.0 3.0299357653617743E-5 
0.0 0.0 4.5449036480426616E-4 
