3.0299357653617743E-5 0.0 0.0 
0.0 0.0 0.0 
0.0 0.0 0.0 
1.5149678826808873E-4 0.0 0.0 
6.0598715307235486E-5 3.0299357653617743E-5 0.0 
1.2119743061447097E-4 0.0 0.0 
1.5149678826808873E-4 0.0 0.0 
1.8179614592170646E-4 0.0 0.0 
1.8179614592170646E-4 3.0299357653617743E-5 3.0299357653617743E-5 
2.1209550357532422E-4 0.0 0.0 
3.9389164949703065E-4 6.0598715307235486E-5 0.0 
2.726942188825597E-4 1.5149678826808873E-4 0.0 
8.180826566476791E-4 6.0598715307235486E-5 3.0299357653617743E-5 
5.756877954187371E-4 1.2119743061447097E-4 0.0 
5.150890801115017E-4 9.089807296085323E-5 9.089807296085323E-5 
6.362865107259726E-4 9.089807296085323E-5 3.0299357653617743E-5 
5.756877954187371E-4 1.5149678826808873E-4 6.0598715307235486E-5 
8.483820143012969E-4 1.8179614592170646E-4 1.2119743061447097E-4 
0.001060477517876621 2.726942188825597E-4 1.2119743061447097E-4 
0.0011513755908374743 4.5449036480426616E-4 1.5149678826808873E-4 
0.0010907768755302387 4.5449036480426616E-4 1.2119743061447097E-4 
0.0016361653132953582 3.332929341897952E-4 3.0299357653617746E-4 
0.0017270633862562113 3.332929341897952E-4 2.1209550357532422E-4 
0.0020906556780996245 3.332929341897952E-4 3.635922918434129E-4 
0.002242152466367713 5.453884377651194E-4 2.726942188825597E-4 
0.0029996364077081567 3.9389164949703065E-4 4.2419100715064843E-4 
0.0033935280572051875 8.483820143012969E-4 3.332929341897952E-4 
0.004060113925584778 7.574839413404436E-4 4.5449036480426616E-4 
0.004575203005696279 9.089807296085323E-4 4.847897224578839E-4 
0.004666101078657133 9.695794449157678E-4 4.5449036480426616E-4 
0.00657496061083505 9.089807296085323E-4 8.786813719549145E-4 
0.006271967034298873 7.877832989940613E-4 6.059871530723549E-4 
0.007090049690946552 0.001060477517876621 6.665858683795904E-4 
0.007847533632286996 0.001393770452066416 9.695794449157678E-4 
0.008635316931281056 0.0011513755908374743 7.877832989940613E-4 
0.008120227851169556 0.0011513755908374743 6.96885226033208E-4 
0.01005938674100109 0.0016361653132953582 0.001302872379105563 
0.008817113077202763 0.0019088595321779178 7.574839413404436E-4 
0.009029208580778087 0.0015452672403345048 0.0014240698097200339 
0.010180584171615562 0.0020603563204460067 8.483820143012969E-4 
0.009180705369046176 0.002363349896982184 0.0010301781602230034 
0.00927160344200703 0.002575445400557508 0.0014846685250272695 
0.009423100230275119 0.0031208338383226274 0.001181674948491092 
0.010029087383347473 0.00442370621742819 0.001181674948491092 
0.009301902799660648 0.003999515210277542 0.0016967640286025937 
0.009513998303235972 0.00496909465519331 0.001302872379105563 
0.009756393164464913 0.0056356805235729 0.002030056962792389 
0.008938310507817234 0.006393164464913344 0.0017270633862562113 
0.00857471821597382 0.006877954187371227 0.0016058659556417404 
0.008029329778208702 0.007544540055750818 0.0016967640286025937 
0.00739304326748273 0.008150527208823173 0.0020603563204460067 
0.0075748394134044356 0.008483820143012967 0.002575445400557508 
0.0075142406980972 0.008817113077202763 0.0026360441158647437 
0.006817355472063992 0.009362501514967883 0.003151133195976245 
0.005393285662343959 0.00899890922312447 0.0030905344806690096 
0.005605381165919282 0.009756393164464913 0.003514725487819658 
0.005999272815416313 0.009726093806811295 0.0034541267725124226 
0.006181068961338019 0.008968609865470852 0.003545024845473276 
0.006393164464913344 0.01005938674100109 0.004363107502120955 
0.005514483092958429 0.009968488668040237 0.004847897224578839 
0.006393164464913344 0.009301902799660648 0.004332808144467337 
0.006059871530723549 0.009423100230275119 0.005332686947036723 
0.005968973457762696 0.008968609865470852 0.005181190158768634 
0.005332686947036723 0.009574597018543208 0.0061204702460307845 
0.005090292085807781 0.009150406011392559 0.006362865107259726 
0.005181190158768634 0.007938431705247849 0.0074233426251363475 
0.006362865107259726 0.007332444552175494 0.006817355472063992 
0.004454005575081808 0.007332444552175494 0.008029329778208702 
0.005090292085807781 0.008362622712398498 0.00857471821597382 
0.005423585019997576 0.007544540055750818 0.008423221427705732 
0.005817476669494607 0.0066961580414495216 0.009059507938431705 
0.005302387589383105 0.006453763180220579 0.009362501514967883 
0.0051205914434613985 0.006181068961338019 0.009150406011392559 
0.004605502363349897 0.006211368318991637 0.009029208580778087 
0.004575203005696279 0.005726578596533753 0.009756393164464913 
0.004332808144467337 0.005150890801115016 0.009907889952733001 
0.0045449036480426615 0.005302387589383105 0.009604896376196825 
0.005059992728154163 0.004787298509271604 0.00912010665373894 
0.004454005575081808 0.004060113925584778 0.009332202157314265 
0.004514604290389044 0.004181311356199249 0.008392922070052116 
0.004181311356199249 0.00402981456793116 0.007817234274633378 
0.004484304932735426 0.004514604290389044 0.008544418858320203 
0.004454005575081808 0.0039692158526239245 0.008756514361895527 
0.004060113925584778 0.003666222276087747 0.007544540055750818 
0.003908617137316689 0.0034844261301660404 0.007241546479214641 
0.004120712640892013 0.003908617137316689 0.006393164464913344 
0.004120712640892013 0.0035753242031268937 0.006241667676645255 
0.004090413283238396 0.0030905344806690096 0.00442370621742819 
0.004090413283238396 0.0038480184220094533 0.005756877954187371 
0.004514604290389044 0.003908617137316689 0.005059992728154163 
0.004756999151617986 0.003908617137316689 0.004726699793964368 
0.005150890801115016 0.004151011998545631 0.004908495939886074 
0.005059992728154163 0.003878317779663071 0.004666101078657133 
0.005150890801115016 0.004151011998545631 0.004090413283238396 
0.004575203005696279 0.003878317779663071 0.004120712640892013 
0.004605502363349897 0.004090413283238396 0.004090413283238396 
0.004151011998545631 0.004181311356199249 0.004302508786813719 
0.004605502363349897 0.003908617137316689 0.003908617137316689 
0.0051205914434613985 0.0048175978669252216 0.004756999151617986 
0.005453884377651194 0.004363107502120955 0.005211489516422252 
0.006362865107259726 0.005393285662343959 0.003999515210277542 
0.005665979881226518 0.003514725487819658 0.004393406859774573 
0.0056356805235729 0.004393406859774573 0.004635801721003515 
0.006029572173069931 0.004211610713852866 0.0038480184220094533 
0.005817476669494607 0.004302508786813719 0.004363107502120955 
0.005878075384801842 0.00442370621742819 0.004393406859774573 
0.005968973457762696 0.003878317779663071 0.004151011998545631 
0.004999394012846927 0.00442370621742819 0.004605502363349897 
0.0056356805235729 0.0045449036480426615 0.00442370621742819 
0.004484304932735426 0.004181311356199249 0.004090413283238396 
0.006090170888377167 0.004120712640892013 0.0038480184220094533 
0.005756877954187371 0.0038177190643558356 0.004211610713852866 
0.006211368318991637 0.003908617137316689 0.004393406859774573 
0.005514483092958429 0.0029996364077081567 0.004575203005696279 
0.005938674100109078 0.0036056235607805115 0.0035753242031268937 
0.0056962792388801356 0.0042722094291601015 0.003666222276087747 
0.005211489516422252 0.003878317779663071 0.0028784389770936856 
0.0061204702460307845 0.004332808144467337 0.0033935280572051875 
0.006393164464913344 0.0033935280572051875 0.002726942188825597 
0.006665858683795904 0.004120712640892013 0.003332929341897952 
0.005362986304690341 0.00402981456793116 0.003726820991394982 
0.004756999151617986 0.004151011998545631 0.0032420312689370985 
0.006362865107259726 0.0045449036480426615 0.0029996364077081567 
0.006029572173069931 0.003878317779663071 0.002787540904132832 
0.005726578596533753 0.0031208338383226274 0.0030602351230153923 
0.006332565749606108 0.0039692158526239245 0.0029996364077081567 
0.006332565749606108 0.004726699793964368 0.002939037692400921 
0.0052720882317294875 0.00442370621742819 0.0033632286995515697 
0.005544782450612047 0.004999394012846927 0.0032420312689370985 
0.004484304932735426 0.0048175978669252216 0.0027572415464792144 
0.005575081808265664 0.00496909465519331 0.003332929341897952 
0.005878075384801842 0.004635801721003515 0.0030602351230153923 
0.0061204702460307845 0.0045449036480426615 0.0033632286995515697 
0.006362865107259726 0.005514483092958429 0.0026360441158647437 
0.005362986304690341 0.00496909465519331 0.002939037692400921 
0.005968973457762696 0.004151011998545631 0.003151133195976245 
0.006150769603684402 0.004181311356199249 0.004060113925584778 
0.006968852260332081 0.004211610713852866 0.0030602351230153923 
0.007059750333292934 0.0036359229184341293 0.003332929341897952 
0.0066961580414495216 0.004666101078657133 0.0030299357653617745 
0.006150769603684402 0.0042722094291601015 0.003332929341897952 
0.005999272815416313 0.00442370621742819 0.0030299357653617745 
0.00684765482971761 0.004332808144467337 0.003423827414858805 
0.00739304326748273 0.004060113925584778 0.0034541267725124226 
0.006544661253181433 0.005090292085807781 0.0033632286995515697 
0.006090170888377167 0.004454005575081808 0.003666222276087747 
0.006271967034298873 0.0045449036480426615 0.0038480184220094533 
0.00712034904860017 0.0036359229184341293 0.0034844261301660404 
0.006271967034298873 0.004363107502120955 0.0035753242031268937 
0.007211247121561023 0.004302508786813719 0.004181311356199249 
0.005817476669494607 0.00402981456793116 0.004332808144467337 
0.005423585019997576 0.003908617137316689 0.005181190158768634 
0.0051205914434613985 0.004302508786813719 0.005332686947036723 
0.0052720882317294875 0.00442370621742819 0.004120712640892013 
0.00524178887407587 0.003908617137316689 0.004151011998545631 
0.004514604290389044 0.005029693370500545 0.005211489516422252 
0.005484183735304812 0.003938916494970307 0.004605502363349897 
0.005090292085807781 0.004787298509271604 0.00524178887407587 
0.005059992728154163 0.0052720882317294875 0.004332808144467337 
0.005726578596533753 0.005211489516422252 0.004302508786813719 
0.005484183735304812 0.005514483092958429 0.004302508786813719 
0.005453884377651194 0.004878196582232456 0.004302508786813719 
0.005423585019997576 0.004787298509271604 0.004666101078657133 
0.004847897224578839 0.00442370621742819 0.004151011998545631 
0.005332686947036723 0.0051205914434613985 0.004484304932735426 
0.004756999151617986 0.004999394012846927 0.004635801721003515 
0.00524178887407587 0.004938795297539692 0.004241910071506484 
0.00442370621742819 0.004787298509271604 0.004938795297539692 
0.005181190158768634 0.004878196582232456 0.004363107502120955 
0.00442370621742819 0.00469640043631075 0.004787298509271604 
0.00469640043631075 0.005393285662343959 0.003726820991394982 
0.00496909465519331 0.005514483092958429 0.003726820991394982 
0.0036056235607805115 0.0064234638225669615 0.0039692158526239245 
0.0056962792388801356 0.00590837474245546 0.004666101078657133 
0.004332808144467337 0.005999272815416313 0.004756999151617986 
0.00524178887407587 0.006332565749606108 0.005393285662343959 
0.0052720882317294875 0.007696036844018907 0.00496909465519331 
0.004241910071506484 0.0069991516179856985 0.004393406859774573 
0.004393406859774573 0.008089928493515938 0.004605502363349897 
0.00469640043631075 0.007544540055750818 0.003908617137316689 
0.005787177311840989 0.008150527208823173 0.0037874197067022178 
0.004666101078657133 0.008211125924130409 0.004393406859774573 
0.005514483092958429 0.007696036844018907 0.00469640043631075 
0.00524178887407587 0.006968852260332081 0.004484304932735426 
0.005938674100109078 0.007847533632286996 0.005726578596533753 
0.005787177311840989 0.008544418858320203 0.006635559326142286 
0.004605502363349897 0.007847533632286996 0.006150769603684402 
0.004454005575081808 0.008211125924130409 0.008605017573627438 
0.00442370621742819 0.009180705369046176 0.009574597018543208 
0.00402981456793116 0.009665495091504061 0.010635074536419828 
0.003151133195976245 0.009756393164464913 0.0131499212216701 
0.0034541267725124226 0.00712034904860017 0.015361774330384196 
0.0027572415464792144 0.008635316931281056 0.014210398739546722 
0.0025451460429038904 0.008483820143012967 0.015240576899769724 
0.0018785601745243 0.008635316931281056 0.016270755059992727 
0.0017270633862562113 0.0075748394134044356 0.01651314992122167 
0.0016967640286025937 0.008029329778208702 0.017422130650830203 
0.0019088595321779178 0.007302145194521876 0.021361047145800508 
0.0017270633862562113 0.00739304326748273 0.023663798327475456 
9.3928008726215E-4 0.007968731062901467 0.02214883044479457 
0.0011210762331838565 0.008180826566476791 0.020209671554963036 
0.0011210762331838565 0.008180826566476791 0.01769482486971276 
6.059871530723549E-4 0.008544418858320203 0.015210277542116107 
6.665858683795904E-4 0.008817113077202763 0.008938310507817234 
8.483820143012969E-4 0.009574597018543208 0.0069991516179856985 
6.665858683795904E-4 0.00833232335474488 0.00469640043631075 
5.150890801115017E-4 0.0061204702460307845 0.003181432553629863 
3.635922918434129E-4 0.0039692158526239245 0.0030602351230153923 
2.4239486122894195E-4 0.0032723306265907163 0.0030905344806690096 
1.8179614592170646E-4 0.002605744758211126 0.002939037692400921 
3.0299357653617746E-4 0.0022724518240213308 0.0025451460429038904 
1.2119743061447097E-4 0.0016967640286025937 0.0026966428311719793 
1.8179614592170646E-4 0.0015452672403345048 0.0026360441158647437 
9.089807296085323E-5 0.0015755665979881226 0.0020906556780996245 
3.0299357653617743E-5 0.0012725730214519452 0.0017270633862562113 
6.0598715307235486E-5 9.998788025693856E-4 0.001999757605138771 
0.0 0.001302872379105563 0.0015452672403345048 
0.0 8.180826566476791E-4 0.001393770452066416 
0.0 8.180826566476791E-4 0.001060477517876621 
3.0299357653617743E-5 6.96885226033208E-4 0.0011513755908374743 
0.0 5.150890801115017E-4 0.001181674948491092 
0.0 4.5449036480426616E-4 0.0010301781602230034 
3.0299357653617743E-5 4.2419100715064843E-4 5.453884377651194E-4 
0.0 4.5449036480426616E-4 8.786813719549145E-4 
0.0 2.1209550357532422E-4 7.574839413404436E-4 
0.0 1.8179614592170646E-4 5.150890801115017E-4 
0.0 1.2119743061447097E-4 3.9389164949703065E-4 
0.0 1.2119743061447097E-4 4.5449036480426616E-4 
0.0 9.089807296085323E-5 4.847897224578839E-4 
0.0 6.0598715307235486E-5 1.5149678826808873E-4 
0.0 6.0598715307235486E-5 2.4239486122894195E-4 
0.0 0.0 2.1209550357532422E-4 
0.0 0.0 1.2119743061447097E-4 
0.0 3.0299357653617743E-5 2.4239486122894195E-4 
0.0 0.0 2.726942188825597E-4 
0.0 0.0 2.1209550357532422E-4 
0.0 0.0 1.8179614592170646E-4 
0.0 0.0 9.089807296085323E-5 
0.0 0.0 6.0598715307235486E-5 
0.0 0.0 6.0598715307235486E-5 
0.0 0.0 0.0 
0.0 0.0 0.0 
0.0 0.0 0.0 
0.0 0.0 3.0299357653617743E-5 
0.0 0.0 6.0598715307235486E-5 
0.0 0.0 3.0299357653617743E-5 
0.0 0.0 3.0299357653617743E-5 
0.0 0.0 3.0299357653617743E-5 
0.0 0.0 3.0299357653617743E-5 
0.0 0.0 0.0 
0.0 0.0 0.0 
0.0 0.0 0.0 
0.0 0.0 0.0 
0.0 0.0 0.0 
0.0 0.0 0.0 
0.0 0.0 0.0 
