0.014725487819658224 0.0017270633862562113 3.0299357653617743E-5 
0.004908495939886074 0.0011210762331838565 0.0 
0.006271967034298873 0.0015452672403345048 0.0 
0.008514119500666585 0.0018785601745243 3.0299357653617743E-5 
0.010301781602230033 0.0023027511816749485 0.0 
0.013271118652284572 0.003332929341897952 2.1209550357532422E-4 
0.018815901102896618 0.005514483092958429 0.0 
0.02363349896982184 0.00833232335474488 9.089807296085323E-5 
0.029329778208701977 0.0131499212216701 2.1209550357532422E-4 
0.026421039873954673 0.020058174766694945 6.362865107259726E-4 
0.025027269421888255 0.022057932371833715 8.180826566476791E-4 
0.021421645861107744 0.019936977336080474 0.0010907768755302387 
0.018815901102896618 0.022088231729487335 0.002363349896982184 
0.017634226154405526 0.021815537510604777 0.005302387589383105 
0.015270876257423342 0.020876257423342624 0.007453641982789964 
0.012543934068597745 0.019421888255968973 0.006544661253181433 
0.011028966185916858 0.018482608168706824 0.0058477760271482245 
0.01033208095988365 0.016482850563568054 0.0071506484062537875 
0.009423100230275119 0.014483092958429282 0.00778693491697976 
0.00845352078535935 0.014058901951278633 0.009453399587928736 
0.007544540055750818 0.012240940492061569 0.008150527208823173 
0.006665858683795904 0.010392679675190886 0.0093928008726215 
0.006453763180220579 0.010847170039995153 0.01181674948491092 
0.00524178887407587 0.00927160344200703 0.01021088352926918 
0.005575081808265664 0.008544418858320203 0.011847048842564538 
0.005302387589383105 0.007180947763907405 0.013331717367591808 
0.004302508786813719 0.006605259968488668 0.012725730214519452 
0.004241910071506484 0.00657496061083505 0.012725730214519452 
0.003938916494970307 0.006181068961338019 0.012543934068597745 
0.003726820991394982 0.005423585019997576 0.012028844988486245 
0.004090413283238396 0.005181190158768634 0.012574233426251363 
0.0030905344806690096 0.00496909465519331 0.01248333535329051 
0.0035753242031268937 0.0048175978669252216 0.013210519936977336 
0.003514725487819658 0.0037571203490486 0.011847048842564538 
0.0030299357653617745 0.004332808144467337 0.011089564901224093 
0.002575445400557508 0.0032420312689370985 0.011301660404799418 
0.0027572415464792144 0.0037874197067022178 0.0107562719670343 
0.002605744758211126 0.0035753242031268937 0.00912010665373894 
0.0028784389770936856 0.003151133195976245 0.00912010665373894 
0.0021512543934068596 0.0030905344806690096 0.007908132347594231 
0.0023027511816749485 0.0025148466852502726 0.00857471821597382 
0.0019391588898315356 0.002969337050054539 0.007544540055750818 
0.002242152466367713 0.0021512543934068596 0.007362743909829112 
0.002030056962792389 0.0027572415464792144 0.006393164464913344 
0.0026663434735183615 0.002030056962792389 0.006393164464913344 
0.0020603563204460067 0.002393649254635802 0.006029572173069931 
0.001999757605138771 0.0021815537510604774 0.005453884377651194 
0.0017876621015634469 0.0024239486122894197 0.004999394012846927 
0.0016967640286025937 0.0023330505393285663 0.005302387589383105 
0.0015149678826808872 0.002120955035753242 0.005059992728154163 
0.0017876621015634469 0.0018785601745243 0.0038480184220094533 
0.0019088595321779178 0.0019694582474851534 0.004514604290389044 
0.0016361653132953582 0.0020906556780996245 0.0038480184220094533 
0.0018785601745243 0.0016967640286025937 0.003908617137316689 
0.001302872379105563 0.0016967640286025937 0.0036359229184341293 
0.0018785601745243 0.0016967640286025937 0.003514725487819658 
0.0017876621015634469 0.001999757605138771 0.0030602351230153923 
0.001666464670948976 0.0015755665979881226 0.0032723306265907163 
0.0015452672403345048 0.0018785601745243 0.002726942188825597 
0.0015755665979881226 0.001666464670948976 0.003332929341897952 
0.0019088595321779178 0.0018179614592170646 0.002726942188825597 
0.0017270633862562113 0.0013634710944127985 0.0026663434735183615 
0.0019088595321779178 0.0014240698097200339 0.002242152466367713 
0.002242152466367713 0.0017270633862562113 0.002242152466367713 
0.0014240698097200339 0.001393770452066416 0.002120955035753242 
0.0017270633862562113 0.001666464670948976 0.0021512543934068596 
0.001393770452066416 0.0012725730214519452 0.0019694582474851534 
0.0016967640286025937 9.089807296085323E-4 0.0023330505393285663 
0.0017270633862562113 0.0012422736637983274 0.0016967640286025937 
0.0015755665979881226 0.0010907768755302387 0.0018482608168706824 
0.0016058659556417404 0.0012422736637983274 0.0019088595321779178 
0.0017270633862562113 0.0011513755908374743 0.0016361653132953582 
0.001393770452066416 0.0013331717367591808 0.0023330505393285663 
0.0013331717367591808 0.0014543691673736517 0.0017270633862562113 
0.0011513755908374743 0.0012422736637983274 0.001181674948491092 
0.0012725730214519452 8.786813719549145E-4 0.0013634710944127985 
0.001060477517876621 0.0013634710944127985 0.0015755665979881226 
0.0014846685250272695 0.0011210762331838565 0.0014543691673736517 
9.089807296085323E-4 0.0011210762331838565 0.0016058659556417404 
9.089807296085323E-4 0.001302872379105563 0.0015149678826808872 
8.786813719549145E-4 0.001302872379105563 0.001060477517876621 
0.001060477517876621 9.3928008726215E-4 0.0014240698097200339 
8.786813719549145E-4 0.0012422736637983274 0.0011513755908374743 
7.271845836868258E-4 0.0012422736637983274 0.001302872379105563 
5.150890801115017E-4 0.0014846685250272695 0.001060477517876621 
5.756877954187371E-4 0.0013634710944127985 0.0010907768755302387 
3.635922918434129E-4 0.0012725730214519452 0.0012725730214519452 
6.96885226033208E-4 0.0018785601745243 8.180826566476791E-4 
9.089807296085323E-4 0.0019088595321779178 0.0012119743061447098 
0.0011513755908374743 0.0017876621015634469 0.0010907768755302387 
9.3928008726215E-4 0.0014240698097200339 0.001060477517876621 
0.0010907768755302387 0.001302872379105563 0.0010301781602230034 
9.998788025693856E-4 0.001181674948491092 9.695794449157678E-4 
0.0014543691673736517 0.0012119743061447098 0.001060477517876621 
0.002030056962792389 8.483820143012969E-4 7.574839413404436E-4 
0.00281784026178645 0.0010301781602230034 7.574839413404436E-4 
0.002242152466367713 0.001181674948491092 8.483820143012969E-4 
0.0016967640286025937 0.001060477517876621 5.453884377651194E-4 
0.0012422736637983274 0.001060477517876621 0.0012119743061447098 
0.0015755665979881226 0.0012119743061447098 0.0010907768755302387 
0.002211853108714095 0.0012119743061447098 7.877832989940613E-4 
0.002605744758211126 0.0011513755908374743 7.877832989940613E-4 
0.0032420312689370985 7.271845836868258E-4 0.001060477517876621 
0.005181190158768634 9.3928008726215E-4 6.96885226033208E-4 
0.0071506484062537875 6.362865107259726E-4 9.089807296085323E-4 
0.011059265543570476 9.998788025693856E-4 5.453884377651194E-4 
0.009968488668040237 6.665858683795904E-4 9.695794449157678E-4 
0.008423221427705732 8.483820143012969E-4 6.96885226033208E-4 
0.008817113077202763 7.574839413404436E-4 0.0010907768755302387 
0.008271724639437645 7.271845836868258E-4 9.3928008726215E-4 
0.006908253545024845 6.059871530723549E-4 9.3928008726215E-4 
0.008362622712398498 7.877832989940613E-4 9.695794449157678E-4 
0.009847291237425766 9.089807296085323E-4 0.001181674948491092 
0.0075142406980972 7.877832989940613E-4 7.271845836868258E-4 
0.008665616288934674 9.998788025693856E-4 9.3928008726215E-4 
0.007605138771058053 7.271845836868258E-4 9.089807296085323E-4 
0.007453641982789964 9.089807296085323E-4 9.998788025693856E-4 
0.006059871530723549 0.0015452672403345048 9.695794449157678E-4 
0.006211368318991637 0.0010301781602230034 9.695794449157678E-4 
0.00805962913586232 9.3928008726215E-4 0.001181674948491092 
0.006908253545024845 9.3928008726215E-4 0.0014240698097200339 
0.007999030420555085 0.0016967640286025937 0.0015149678826808872 
0.006817355472063992 0.002242152466367713 0.0018482608168706824 
0.007696036844018907 0.002363349896982184 9.3928008726215E-4 
0.0056356805235729 0.002363349896982184 0.001393770452066416 
0.005817476669494607 0.002484547327596655 0.0015149678826808872 
0.007453641982789964 0.003423827414858805 0.001666464670948976 
0.00657496061083505 0.00281784026178645 0.0014846685250272695 
0.005999272815416313 0.0028481396194400678 0.002120955035753242 
0.007332444552175494 0.003151133195976245 0.0019088595321779178 
0.008120227851169556 0.003302629984244334 0.0016361653132953582 
0.008514119500666585 0.004454005575081808 0.0014240698097200339 
0.00857471821597382 0.00496909465519331 0.0012725730214519452 
0.007968731062901467 0.005787177311840989 0.0013634710944127985 
0.006150769603684402 0.006726457399103139 0.001060477517876621 
0.009362501514967883 0.00857471821597382 0.0016058659556417404 
0.005787177311840989 0.01248333535329051 0.001393770452066416 
0.005029693370500545 0.010392679675190886 0.001393770452066416 
0.006150769603684402 0.009847291237425766 0.0013331717367591808 
0.006817355472063992 0.009816991879772148 0.0016361653132953582 
0.006726457399103139 0.011756150769603685 0.0014543691673736517 
0.0075748394134044356 0.010998666828263242 0.0013331717367591808 
0.006150769603684402 0.011907647557871773 0.0018179614592170646 
0.007817234274633378 0.012968125075748394 0.0016058659556417404 
0.006029572173069931 0.011362259120106653 0.0016361653132953582 
0.0048175978669252216 0.010938068112956006 0.0012119743061447098 
0.005302387589383105 0.010271482244576415 0.001302872379105563 
0.004908495939886074 0.009423100230275119 0.0012725730214519452 
0.003999515210277542 0.009907889952733001 0.0013634710944127985 
0.004302508786813719 0.008180826566476791 0.0013331717367591808 
0.0037571203490486 0.007847533632286996 0.0013634710944127985 
0.003666222276087747 0.006271967034298873 0.0014543691673736517 
0.0029087383347473033 0.007483941340443582 0.0016967640286025937 
0.003545024845473276 0.006605259968488668 0.0012725730214519452 
0.0030602351230153923 0.010362380317537268 0.001393770452066416 
0.0023027511816749485 0.007877832989940613 0.0016967640286025937 
0.002605744758211126 0.007756635559326142 0.0015452672403345048 
0.002575445400557508 0.006817355472063992 0.001757362743909829 
0.0018179614592170646 0.00845352078535935 0.002030056962792389 
0.0028481396194400678 0.007544540055750818 0.0018482608168706824 
0.0022724518240213308 0.00833232335474488 0.0019694582474851534 
0.0022724518240213308 0.00927160344200703 0.0023027511816749485 
0.002120955035753242 0.007544540055750818 0.002211853108714095 
0.002242152466367713 0.007665737486365289 0.0021512543934068596 
0.0021512543934068596 0.00899890922312447 0.0026360441158647437 
0.0014846685250272695 0.0074233426251363475 0.0026966428311719793 
0.0018482608168706824 0.00845352078535935 0.003151133195976245 
0.0020603563204460067 0.008180826566476791 0.0030299357653617745 
0.001999757605138771 0.007302145194521876 0.0038177190643558356 
0.0015149678826808872 0.007483941340443582 0.004635801721003515 
0.0019391588898315356 0.0052720882317294875 0.004211610713852866 
0.0018785601745243 0.005999272815416313 0.004514604290389044 
0.0017270633862562113 0.005332686947036723 0.00524178887407587 
0.001393770452066416 0.005544782450612047 0.005787177311840989 
0.0021512543934068596 0.004908495939886074 0.006271967034298873 
0.001757362743909829 0.003545024845473276 0.006726457399103139 
0.001393770452066416 0.0026663434735183615 0.007968731062901467 
0.0015755665979881226 0.002393649254635802 0.008211125924130409 
0.0013634710944127985 0.002393649254635802 0.008302023997091262 
0.0013331717367591808 0.002242152466367713 0.009483698945582354 
0.0016361653132953582 0.002575445400557508 0.01021088352926918 
0.0016361653132953582 0.002575445400557508 0.010907768755302388 
0.002120955035753242 0.0018785601745243 0.012453035995636892 
0.001393770452066416 0.002030056962792389 0.013119621864016483 
0.0018179614592170646 0.0019694582474851534 0.011786450127257302 
0.0013331717367591808 0.002242152466367713 0.012301539207368805 
0.0020603563204460067 0.0019391588898315356 0.013119621864016483 
0.0019088595321779178 0.0018179614592170646 0.010907768755302388 
0.0015755665979881226 0.002120955035753242 0.011604653981335596 
0.001757362743909829 0.0019391588898315356 0.011634953338989213 
0.0015755665979881226 0.0020906556780996245 0.01369530965943522 
0.0017876621015634469 0.0028481396194400678 0.013059023148709248 
0.002211853108714095 0.0019694582474851534 0.017755423585019997 
0.0021815537510604774 0.0029996364077081567 0.020512665131499214 
0.0021512543934068596 0.0029087383347473033 0.027299721245909587 
0.002393649254635802 0.002120955035753242 0.031178039025572656 
0.001666464670948976 0.002242152466367713 0.031087140952611805 
0.0017876621015634469 0.0023330505393285663 0.021148951642225185 
0.0021815537510604774 0.003181432553629863 0.015452672403345049 
0.0014846685250272695 0.002939037692400921 0.011331959762453036 
0.0020906556780996245 0.0027572415464792144 0.0077263362016725245 
0.0021815537510604774 0.002787540904132832 0.008029329778208702 
0.0024239486122894197 0.002939037692400921 0.005453884377651194 
0.0023027511816749485 0.003666222276087747 0.0045449036480426615 
0.002726942188825597 0.003514725487819658 0.004575203005696279 
0.002120955035753242 0.0036359229184341293 0.0036056235607805115 
0.002575445400557508 0.004151011998545631 0.003181432553629863 
0.0024239486122894197 0.004211610713852866 0.0028481396194400678 
0.0028784389770936856 0.003938916494970307 0.0025451460429038904 
0.003151133195976245 0.004090413283238396 0.0025451460429038904 
0.0032723306265907163 0.003696521633741365 0.002120955035753242 
0.0038177190643558356 0.0026966428311719793 0.002030056962792389 
0.0039692158526239245 0.0028784389770936856 0.0020906556780996245 
0.0036359229184341293 0.002363349896982184 0.0021512543934068596 
0.003423827414858805 0.0016967640286025937 0.001302872379105563 
0.0033632286995515697 0.0017876621015634469 0.0012422736637983274 
0.0033935280572051875 0.0016361653132953582 9.3928008726215E-4 
0.002726942188825597 0.0010301781602230034 0.001181674948491092 
0.0030905344806690096 0.0011513755908374743 0.0011513755908374743 
0.002939037692400921 0.001302872379105563 6.665858683795904E-4 
0.0026663434735183615 0.0010301781602230034 8.483820143012969E-4 
0.0023330505393285663 7.271845836868258E-4 5.756877954187371E-4 
0.0015755665979881226 8.180826566476791E-4 4.5449036480426616E-4 
0.0014846685250272695 7.574839413404436E-4 4.847897224578839E-4 
9.695794449157678E-4 4.5449036480426616E-4 5.756877954187371E-4 
9.998788025693856E-4 6.362865107259726E-4 6.362865107259726E-4 
0.0011513755908374743 3.9389164949703065E-4 4.847897224578839E-4 
8.483820143012969E-4 4.2419100715064843E-4 5.756877954187371E-4 
7.574839413404436E-4 3.9389164949703065E-4 5.150890801115017E-4 
8.180826566476791E-4 3.332929341897952E-4 3.635922918434129E-4 
4.5449036480426616E-4 6.0598715307235486E-5 3.635922918434129E-4 
5.453884377651194E-4 9.089807296085323E-5 2.4239486122894195E-4 
4.2419100715064843E-4 1.8179614592170646E-4 2.1209550357532422E-4 
1.5149678826808873E-4 1.2119743061447097E-4 3.0299357653617746E-4 
2.1209550357532422E-4 1.8179614592170646E-4 2.1209550357532422E-4 
3.0299357653617746E-4 9.089807296085323E-5 1.8179614592170646E-4 
9.089807296085323E-5 9.089807296085323E-5 1.5149678826808873E-4 
1.5149678826808873E-4 9.089807296085323E-5 1.2119743061447097E-4 
9.089807296085323E-5 6.0598715307235486E-5 9.089807296085323E-5 
9.089807296085323E-5 6.0598715307235486E-5 1.5149678826808873E-4 
1.5149678826808873E-4 3.0299357653617743E-5 1.2119743061447097E-4 
6.0598715307235486E-5 3.0299357653617743E-5 6.0598715307235486E-5 
3.0299357653617743E-5 0.0 3.0299357653617743E-5 
9.089807296085323E-5 0.0 3.0299357653617743E-5 
3.0299357653617743E-5 0.0 6.0598715307235486E-5 
6.0598715307235486E-5 3.0299357653617743E-5 6.0598715307235486E-5 
3.0299357653617743E-5 0.0 3.0299357653617743E-5 
3.0299357653617743E-5 3.0299357653617743E-5 0.0 
0.0 0.0 3.0299357653617743E-5 
3.0299357653617743E-5 0.0 9.089807296085323E-5 
0.0 0.0 9.089807296085323E-5 
0.0 0.0 3.0299357653617743E-5 
0.0 0.0 0.0 
0.0 0.0 6.0598715307235486E-5 
0.0 3.0299357653617743E-5 0.0 
3.0299357653617743E-5 0.0 2.4239486122894195E-4 
