0.006029572173069931 2.4239486122894195E-4 3.0299357653617746E-4 
0.0018785601745243 6.0598715307235486E-5 6.0598715307235486E-5 
0.0018179614592170646 3.0299357653617746E-4 1.8179614592170646E-4 
0.002484547327596655 2.726942188825597E-4 1.5149678826808873E-4 
0.0022724518240213308 2.1209550357532422E-4 3.332929341897952E-4 
0.0031208338383226274 3.0299357653617746E-4 1.8179614592170646E-4 
0.003545024845473276 4.5449036480426616E-4 3.0299357653617746E-4 
0.0045449036480426615 4.847897224578839E-4 4.2419100715064843E-4 
0.005968973457762696 3.9389164949703065E-4 5.453884377651194E-4 
0.006787056114410375 6.665858683795904E-4 6.362865107259726E-4 
0.008211125924130409 6.059871530723549E-4 6.362865107259726E-4 
0.011241061689492182 6.96885226033208E-4 5.150890801115017E-4 
0.014573991031390135 0.0015452672403345048 6.059871530723549E-4 
0.020845958065689008 0.001999757605138771 4.5449036480426616E-4 
0.0319355229669131 0.0032420312689370985 0.001666464670948976 
0.03342019149194037 0.005756877954187371 0.001666464670948976 
0.0380862925705975 0.010968367470609624 0.0015452672403345048 
0.029450975639316448 0.015179978184462489 0.0029087383347473033 
0.021936734941219248 0.012119743061447098 0.002969337050054539 
0.019027996606471944 0.00978669252211853 0.0030905344806690096 
0.01651314992122167 0.00778693491697976 0.004575203005696279 
0.015179978184462489 0.00712034904860017 0.003878317779663071 
0.014755787177311842 0.006605259968488668 0.004181311356199249 
0.01330141800993819 0.006968852260332081 0.0032420312689370985 
0.011877348200218156 0.005756877954187371 0.004241910071506484 
0.01154405526602836 0.005878075384801842 0.003666222276087747 
0.01033208095988365 0.006787056114410375 0.0036056235607805115 
0.010816870682341535 0.006968852260332081 0.005150890801115016 
0.01033208095988365 0.007211247121561023 0.003514725487819658 
0.013240819294630954 0.00684765482971761 0.004090413283238396 
0.011665252696642831 0.006271967034298873 0.00281784026178645 
0.009756393164464913 0.006393164464913344 0.0035753242031268937 
0.010968367470609624 0.006484062537874197 0.002575445400557508 
0.010392679675190886 0.006332565749606108 0.0036056235607805115 
0.007302145194521876 0.00712034904860017 0.003302629984244334 
0.007059750333292934 0.006787056114410375 0.0025148466852502726 
0.005817476669494607 0.006787056114410375 0.0026663434735183615 
0.004241910071506484 0.007696036844018907 0.0030299357653617745 
0.0036056235607805115 0.008241425281784027 0.0026966428311719793 
0.0030905344806690096 0.006726457399103139 0.0033935280572051875 
0.003302629984244334 0.00857471821597382 0.0026966428311719793 
0.002939037692400921 0.009968488668040237 0.0035753242031268937 
0.002605744758211126 0.007635438128711671 0.0032723306265907163 
0.002605744758211126 0.009211004726699794 0.002969337050054539 
0.0030299357653617745 0.009211004726699794 0.0028481396194400678 
0.002363349896982184 0.009847291237425766 0.002575445400557508 
0.002242152466367713 0.008877711792509999 0.0032420312689370985 
0.002030056962792389 0.010180584171615562 0.0033632286995515697 
0.002120955035753242 0.008392922070052116 0.0032117319112834808 
0.0021815537510604774 0.009665495091504061 0.002726942188825597 
0.0016058659556417404 0.00872621500424191 0.00402981456793116 
0.0018482608168706824 0.009574597018543208 0.00402981456793116 
0.0020906556780996245 0.009574597018543208 0.004151011998545631 
0.0021815537510604774 0.01048357774815174 0.004575203005696279 
0.001757362743909829 0.010180584171615562 0.004363107502120955 
0.002484547327596655 0.008180826566476791 0.003878317779663071 
0.0019088595321779178 0.008665616288934674 0.004787298509271604 
0.0021512543934068596 0.008392922070052116 0.005029693370500545 
0.0017270633862562113 0.009635195733850443 0.004484304932735426 
0.0020603563204460067 0.009604896376196825 0.005090292085807781 
0.002363349896982184 0.008302023997091262 0.004605502363349897 
0.001666464670948976 0.009059507938431705 0.004726699793964368 
0.0015452672403345048 0.008271724639437645 0.005181190158768634 
0.002454247969943037 0.008817113077202763 0.004878196582232456 
0.002454247969943037 0.008089928493515938 0.005453884377651194 
0.0016361653132953582 0.008029329778208702 0.0052720882317294875 
0.002605744758211126 0.007362743909829112 0.005150890801115016 
0.0021512543934068596 0.008635316931281056 0.0052720882317294875 
0.002030056962792389 0.007271845836868259 0.005726578596533753 
0.0019391588898315356 0.006271967034298873 0.0048175978669252216 
0.0021815537510604774 0.005817476669494607 0.0056356805235729 
0.001999757605138771 0.0056356805235729 0.005484183735304812 
0.0018179614592170646 0.005090292085807781 0.005605381165919282 
0.001999757605138771 0.006362865107259726 0.005938674100109078 
0.0019088595321779178 0.005393285662343959 0.006241667676645255 
0.002120955035753242 0.004666101078657133 0.006453763180220579 
0.0018785601745243 0.004605502363349897 0.007211247121561023 
0.002120955035753242 0.005059992728154163 0.007362743909829112 
0.0019694582474851534 0.004605502363349897 0.007605138771058053 
0.0016967640286025937 0.004575203005696279 0.006484062537874197 
0.002454247969943037 0.005181190158768634 0.0074233426251363475 
0.001999757605138771 0.004666101078657133 0.00739304326748273 
0.002363349896982184 0.004332808144467337 0.008029329778208702 
0.0020906556780996245 0.0039692158526239245 0.009029208580778087 
0.0018785601745243 0.0038480184220094533 0.008271724639437645 
0.0021815537510604774 0.004120712640892013 0.008271724639437645 
0.0024239486122894197 0.003726820991394982 0.008423221427705732 
0.002393649254635802 0.004120712640892013 0.007635438128711671 
0.0025148466852502726 0.0032723306265907163 0.007938431705247849 
0.002120955035753242 0.003302629984244334 0.00845352078535935 
0.0025451460429038904 0.0028784389770936856 0.009301902799660648 
0.002030056962792389 0.003181432553629863 0.008483820143012967 
0.0023027511816749485 0.003726820991394982 0.00845352078535935 
0.0024239486122894197 0.0032117319112834808 0.008241425281784027 
0.002575445400557508 0.002575445400557508 0.007665737486365289 
0.00281784026178645 0.0032117319112834808 0.0093928008726215 
0.0023027511816749485 0.002484547327596655 0.010968367470609624 
0.0026360441158647437 0.0030299357653617745 0.00993818931038662 
0.0029087383347473033 0.0030905344806690096 0.011180462974184947 
0.0026360441158647437 0.0032117319112834808 0.009574597018543208 
0.0029087383347473033 0.0030602351230153923 0.008150527208823173 
0.0026663434735183615 0.0032117319112834808 0.008483820143012967 
0.002454247969943037 0.0030299357653617745 0.007302145194521876 
0.002605744758211126 0.0026966428311719793 0.008483820143012967 
0.002242152466367713 0.002939037692400921 0.008392922070052116 
0.0021512543934068596 0.002363349896982184 0.009665495091504061 
0.0026966428311719793 0.0028481396194400678 0.008271724639437645 
0.002575445400557508 0.002575445400557508 0.00845352078535935 
0.0027572415464792144 0.0029087383347473033 0.00872621500424191 
0.0022724518240213308 0.002787540904132832 0.008423221427705732 
0.0023027511816749485 0.0025148466852502726 0.00912010665373894 
0.0031208338383226274 0.002726942188825597 0.0077263362016725245 
0.003423827414858805 0.0030299357653617745 0.007453641982789964 
0.0030299357653617745 0.0028481396194400678 0.0074233426251363475 
0.002969337050054539 0.002969337050054539 0.00805962913586232 
0.0029087383347473033 0.003666222276087747 0.006181068961338019 
0.0022724518240213308 0.0029087383347473033 0.005423585019997576 
0.0028481396194400678 0.0029087383347473033 0.006393164464913344 
0.0029996364077081567 0.003151133195976245 0.0058477760271482245 
0.002454247969943037 0.00281784026178645 0.005393285662343959 
0.0026966428311719793 0.002605744758211126 0.005968973457762696 
0.002939037692400921 0.0026663434735183615 0.00524178887407587 
0.0030905344806690096 0.0028784389770936856 0.005150890801115016 
0.0025148466852502726 0.0026360441158647437 0.005332686947036723 
0.00281784026178645 0.002726942188825597 0.005817476669494607 
0.0028481396194400678 0.002726942188825597 0.005181190158768634 
0.0031208338383226274 0.0031208338383226274 0.004211610713852866 
0.00281784026178645 0.002969337050054539 0.0042722094291601015 
0.003151133195976245 0.00281784026178645 0.004060113925584778 
0.003545024845473276 0.003302629984244334 0.003999515210277542 
0.0026663434735183615 0.0032723306265907163 0.0038480184220094533 
0.0029087383347473033 0.0032420312689370985 0.0032723306265907163 
0.0032420312689370985 0.0034541267725124226 0.003666222276087747 
0.0032117319112834808 0.003151133195976245 0.0028481396194400678 
0.0031208338383226274 0.0032117319112834808 0.002726942188825597 
0.0031208338383226274 0.0031208338383226274 0.0022724518240213308 
0.0028481396194400678 0.0032420312689370985 0.002726942188825597 
0.0036359229184341293 0.002787540904132832 0.0029087383347473033 
0.002939037692400921 0.0032420312689370985 0.0030299357653617745 
0.0028481396194400678 0.0033632286995515697 0.003696521633741365 
0.003332929341897952 0.0036359229184341293 0.0037571203490486 
0.0035753242031268937 0.0033935280572051875 0.0032723306265907163 
0.003908617137316689 0.003423827414858805 0.002969337050054539 
0.004120712640892013 0.004060113925584778 0.0028481396194400678 
0.0033632286995515697 0.0032117319112834808 0.003151133195976245 
0.0036359229184341293 0.003908617137316689 0.0036359229184341293 
0.00402981456793116 0.0042722094291601015 0.0030602351230153923 
0.0039692158526239245 0.00402981456793116 0.0033632286995515697 
0.004211610713852866 0.0032723306265907163 0.003696521633741365 
0.004181311356199249 0.0037874197067022178 0.0032117319112834808 
0.003423827414858805 0.0038177190643558356 0.002605744758211126 
0.0033935280572051875 0.0032723306265907163 0.003151133195976245 
0.003696521633741365 0.003696521633741365 0.00281784026178645 
0.00402981456793116 0.0042722094291601015 0.003545024845473276 
0.0034541267725124226 0.0036359229184341293 0.0034541267725124226 
0.003423827414858805 0.004060113925584778 0.00402981456793116 
0.00469640043631075 0.004514604290389044 0.003332929341897952 
0.004302508786813719 0.0038480184220094533 0.004090413283238396 
0.004241910071506484 0.004605502363349897 0.003878317779663071 
0.003878317779663071 0.00442370621742819 0.004454005575081808 
0.0032723306265907163 0.004060113925584778 0.0037874197067022178 
0.004181311356199249 0.004090413283238396 0.003696521633741365 
0.004181311356199249 0.004120712640892013 0.003938916494970307 
0.003666222276087747 0.004120712640892013 0.003938916494970307 
0.00469640043631075 0.004847897224578839 0.003999515210277542 
0.004332808144467337 0.004938795297539692 0.0037874197067022178 
0.004575203005696279 0.004605502363349897 0.004241910071506484 
0.004484304932735426 0.0038177190643558356 0.003696521633741365 
0.004575203005696279 0.003938916494970307 0.004332808144467337 
0.004151011998545631 0.004393406859774573 0.003302629984244334 
0.0039692158526239245 0.004181311356199249 0.004454005575081808 
0.004241910071506484 0.005029693370500545 0.0039692158526239245 
0.004302508786813719 0.00442370621742819 0.0037874197067022178 
0.004090413283238396 0.004726699793964368 0.004454005575081808 
0.004938795297539692 0.00402981456793116 0.0039692158526239245 
0.004302508786813719 0.00496909465519331 0.004211610713852866 
0.00402981456793116 0.004454005575081808 0.004241910071506484 
0.004060113925584778 0.004393406859774573 0.004211610713852866 
0.004484304932735426 0.0048175978669252216 0.004484304932735426 
0.004211610713852866 0.004514604290389044 0.004090413283238396 
0.004484304932735426 0.004151011998545631 0.004635801721003515 
0.004666101078657133 0.004332808144467337 0.004756999151617986 
0.004302508786813719 0.003878317779663071 0.004514604290389044 
0.003938916494970307 0.003938916494970307 0.0051205914434613985 
0.003666222276087747 0.003938916494970307 0.004726699793964368 
0.004302508786813719 0.004090413283238396 0.004575203005696279 
0.0038480184220094533 0.004756999151617986 0.004363107502120955 
0.004181311356199249 0.004302508786813719 0.004514604290389044 
0.004060113925584778 0.004332808144467337 0.004302508786813719 
0.003999515210277542 0.004787298509271604 0.004120712640892013 
0.0035753242031268937 0.0028784389770936856 0.004090413283238396 
0.0027572415464792144 0.0036056235607805115 0.004151011998545631 
0.0034844261301660404 0.003545024845473276 0.004393406859774573 
0.002969337050054539 0.003666222276087747 0.004605502363349897 
0.0027572415464792144 0.003696521633741365 0.004090413283238396 
0.0030602351230153923 0.003332929341897952 0.0036056235607805115 
0.0029996364077081567 0.0029087383347473033 0.004575203005696279 
0.003151133195976245 0.0029996364077081567 0.004756999151617986 
0.0031208338383226274 0.0030299357653617745 0.003545024845473276 
0.002605744758211126 0.0027572415464792144 0.0042722094291601015 
0.0028784389770936856 0.0032723306265907163 0.004181311356199249 
0.0028784389770936856 0.0028481396194400678 0.005150890801115016 
0.0022724518240213308 0.0033935280572051875 0.0038177190643558356 
0.002575445400557508 0.0026360441158647437 0.004211610713852866 
0.002211853108714095 0.002242152466367713 0.002787540904132832 
0.002605744758211126 0.0026360441158647437 0.003332929341897952 
0.0025148466852502726 0.002363349896982184 0.003696521633741365 
0.0020906556780996245 0.002211853108714095 0.0032420312689370985 
0.0026360441158647437 0.001757362743909829 0.00281784026178645 
0.0016058659556417404 0.0018785601745243 0.0029996364077081567 
0.0019088595321779178 0.001757362743909829 0.0033935280572051875 
0.0014240698097200339 0.0018179614592170646 0.0029087383347473033 
0.0014846685250272695 0.0018482608168706824 0.003181432553629863 
0.0012725730214519452 0.0014543691673736517 0.0029087383347473033 
0.0018785601745243 0.0019088595321779178 0.0019391588898315356 
0.0010907768755302387 0.0012725730214519452 0.002211853108714095 
0.001393770452066416 0.0011210762331838565 0.0024239486122894197 
0.001181674948491092 0.001393770452066416 0.0018785601745243 
0.0012119743061447098 0.0010907768755302387 0.0018785601745243 
0.0011513755908374743 0.001302872379105563 0.002211853108714095 
9.695794449157678E-4 9.3928008726215E-4 0.001302872379105563 
9.695794449157678E-4 9.089807296085323E-4 0.0019391588898315356 
0.0011210762331838565 7.574839413404436E-4 0.0011513755908374743 
6.96885226033208E-4 7.271845836868258E-4 0.0011513755908374743 
6.96885226033208E-4 0.001060477517876621 0.0011513755908374743 
6.96885226033208E-4 4.847897224578839E-4 0.001060477517876621 
7.877832989940613E-4 7.271845836868258E-4 9.695794449157678E-4 
8.786813719549145E-4 5.756877954187371E-4 6.665858683795904E-4 
5.756877954187371E-4 8.483820143012969E-4 7.877832989940613E-4 
6.362865107259726E-4 6.059871530723549E-4 6.96885226033208E-4 
6.665858683795904E-4 6.362865107259726E-4 5.150890801115017E-4 
5.150890801115017E-4 4.847897224578839E-4 6.362865107259726E-4 
3.0299357653617746E-4 3.9389164949703065E-4 5.453884377651194E-4 
2.726942188825597E-4 3.0299357653617746E-4 4.5449036480426616E-4 
3.635922918434129E-4 9.089807296085323E-5 2.4239486122894195E-4 
3.9389164949703065E-4 2.726942188825597E-4 3.635922918434129E-4 
2.1209550357532422E-4 3.0299357653617743E-5 2.1209550357532422E-4 
1.8179614592170646E-4 9.089807296085323E-5 1.8179614592170646E-4 
2.1209550357532422E-4 1.8179614592170646E-4 1.2119743061447097E-4 
6.0598715307235486E-5 3.332929341897952E-4 2.1209550357532422E-4 
9.089807296085323E-5 9.089807296085323E-5 1.5149678826808873E-4 
1.8179614592170646E-4 1.2119743061447097E-4 1.2119743061447097E-4 
1.8179614592170646E-4 6.0598715307235486E-5 6.0598715307235486E-5 
6.0598715307235486E-5 6.0598715307235486E-5 3.0299357653617743E-5 
9.089807296085323E-5 6.0598715307235486E-5 3.0299357653617743E-5 
6.0598715307235486E-5 0.0 6.0598715307235486E-5 
6.0598715307235486E-5 3.0299357653617743E-5 3.0299357653617743E-5 
6.0598715307235486E-5 3.0299357653617743E-5 3.0299357653617743E-5 
0.0 6.0598715307235486E-5 0.0 
0.0 3.0299357653617743E-5 0.0 
3.0299357653617743E-5 0.0 3.0299357653617743E-5 
0.0 0.0 0.0 
0.0 0.0 0.0 
3.0299357653617743E-5 0.0 3.0299357653617743E-5 
0.0 0.0 0.0 
3.0299357653617743E-5 3.0299357653617743E-5 6.0598715307235486E-5 
