0.0029087383347473033 3.0299357653617743E-5 0.0010907768755302387 
9.089807296085323E-4 9.089807296085323E-5 5.453884377651194E-4 
8.180826566476791E-4 2.726942188825597E-4 3.0299357653617746E-4 
0.0016361653132953582 9.089807296085323E-5 3.0299357653617746E-4 
0.0024239486122894197 2.4239486122894195E-4 3.332929341897952E-4 
0.0021512543934068596 1.8179614592170646E-4 5.453884377651194E-4 
0.0031208338383226274 5.453884377651194E-4 6.665858683795904E-4 
0.0034541267725124226 3.635922918434129E-4 0.0012725730214519452 
0.00524178887407587 5.150890801115017E-4 0.0011210762331838565 
0.005878075384801842 6.362865107259726E-4 0.0013634710944127985 
0.007877832989940613 6.362865107259726E-4 0.0014846685250272695 
0.0093928008726215 0.0010301781602230034 0.0019391588898315356 
0.011665252696642831 0.0014846685250272695 0.002211853108714095 
0.01566476790692037 0.0019694582474851534 0.0026360441158647437 
0.019906677978426858 0.0027572415464792144 0.003696521633741365 
0.025269664283117197 0.006241667676645255 0.004332808144467337 
0.03060235123015392 0.06438613501393771 0.006393164464913344 
0.09704884256453764 0.03529875166646467 0.008120227851169556 
0.054750939280087264 0.03523815295115743 0.011210762331838564 
0.03502605744758211 0.03287480305417525 0.025451460429038904 
0.01839171009574597 0.025481759786692523 0.037813598351714946 
0.013271118652284572 0.021027754211610714 0.03799539449763665 
0.009059507938431705 0.017846321657980852 0.08880741728275361 
0.007696036844018907 0.016361653132953582 0.040631438613501394 
0.007847533632286996 0.015240576899769724 0.025693855290267846 
0.006787056114410375 0.013634710944127984 0.016967640286025935 
0.006484062537874197 0.011847048842564538 0.014119500666585868 
0.006181068961338019 0.009513998303235972 0.011059265543570476 
0.005544782450612047 0.00833232335474488 0.00978669252211853 
0.0056356805235729 0.006544661253181433 0.008635316931281056 
0.005059992728154163 0.0061204702460307845 0.009059507938431705 
0.005575081808265664 0.0051205914434613985 0.007908132347594231 
0.0048175978669252216 0.005514483092958429 0.007544540055750818 
0.004151011998545631 0.004393406859774573 0.006059871530723549 
0.004484304932735426 0.005302387589383105 0.006605259968488668 
0.004575203005696279 0.005029693370500545 0.006877954187371227 
0.004241910071506484 0.005362986304690341 0.006271967034298873 
0.004332808144467337 0.005665979881226518 0.005453884377651194 
0.0038480184220094533 0.004514604290389044 0.006059871530723549 
0.004060113925584778 0.005484183735304812 0.005968973457762696 
0.004241910071506484 0.005544782450612047 0.005787177311840989 
0.004454005575081808 0.005302387589383105 0.005302387589383105 
0.004181311356199249 0.00496909465519331 0.005938674100109078 
0.003696521633741365 0.004847897224578839 0.004605502363349897 
0.003545024845473276 0.005302387589383105 0.005514483092958429 
0.004151011998545631 0.005514483092958429 0.0056356805235729 
0.003999515210277542 0.00496909465519331 0.005756877954187371 
0.004211610713852866 0.0042722094291601015 0.005090292085807781 
0.0039692158526239245 0.005090292085807781 0.0052720882317294875 
0.003878317779663071 0.005362986304690341 0.0048175978669252216 
0.003878317779663071 0.005453884377651194 0.004363107502120955 
0.003666222276087747 0.004302508786813719 0.004181311356199249 
0.004332808144467337 0.004514604290389044 0.004363107502120955 
0.004181311356199249 0.004938795297539692 0.0045449036480426615 
0.003878317779663071 0.004393406859774573 0.005211489516422252 
0.004151011998545631 0.0045449036480426615 0.004666101078657133 
0.004454005575081808 0.005393285662343959 0.004120712640892013 
0.004454005575081808 0.004484304932735426 0.004211610713852866 
0.004756999151617986 0.0038177190643558356 0.005029693370500545 
0.004878196582232456 0.0036056235607805115 0.004363107502120955 
0.005029693370500545 0.003938916494970307 0.0048175978669252216 
0.005362986304690341 0.004120712640892013 0.004878196582232456 
0.0056356805235729 0.0037874197067022178 0.004847897224578839 
0.005302387589383105 0.003908617137316689 0.005302387589383105 
0.0061204702460307845 0.00402981456793116 0.004847897224578839 
0.006514361895527815 0.003908617137316689 0.004605502363349897 
0.006484062537874197 0.003151133195976245 0.004666101078657133 
0.0056356805235729 0.0035753242031268937 0.004756999151617986 
0.005514483092958429 0.003545024845473276 0.004454005575081808 
0.005181190158768634 0.0038177190643558356 0.005090292085807781 
0.006181068961338019 0.0042722094291601015 0.004060113925584778 
0.005999272815416313 0.003696521633741365 0.0036359229184341293 
0.006635559326142286 0.0038480184220094533 0.0051205914434613985 
0.00684765482971761 0.004181311356199249 0.004514604290389044 
0.007696036844018907 0.004666101078657133 0.003938916494970307 
0.00684765482971761 0.003938916494970307 0.003938916494970307 
0.006241667676645255 0.00442370621742819 0.004060113925584778 
0.005817476669494607 0.003999515210277542 0.003878317779663071 
0.005544782450612047 0.004454005575081808 0.0037571203490486 
0.0048175978669252216 0.004514604290389044 0.003878317779663071 
0.005059992728154163 0.004332808144467337 0.004666101078657133 
0.004605502363349897 0.00442370621742819 0.004302508786813719 
0.004726699793964368 0.00442370621742819 0.0038177190643558356 
0.004878196582232456 0.004363107502120955 0.003151133195976245 
0.004635801721003515 0.004878196582232456 0.0035753242031268937 
0.004363107502120955 0.004847897224578839 0.0033632286995515697 
0.004363107502120955 0.004635801721003515 0.0030602351230153923 
0.005302387589383105 0.004060113925584778 0.002787540904132832 
0.0056962792388801356 0.004302508786813719 0.002454247969943037 
0.005787177311840989 0.00442370621742819 0.0027572415464792144 
0.006029572173069931 0.005362986304690341 0.0030299357653617745 
0.0056962792388801356 0.004363107502120955 0.0034541267725124226 
0.006635559326142286 0.00469640043631075 0.003151133195976245 
0.006150769603684402 0.005575081808265664 0.0029087383347473033 
0.006877954187371227 0.00524178887407587 0.00281784026178645 
0.0071506484062537875 0.0056356805235729 0.0032723306265907163 
0.00872621500424191 0.006059871530723549 0.0030602351230153923 
0.01060477517876621 0.005544782450612047 0.003302629984244334 
0.009453399587928736 0.006332565749606108 0.0032117319112834808 
0.00739304326748273 0.005332686947036723 0.0023330505393285663 
0.007059750333292934 0.006756756756756757 0.0028481396194400678 
0.006514361895527815 0.005787177311840989 0.002393649254635802 
0.007090049690946552 0.00590837474245546 0.0021512543934068596 
0.007090049690946552 0.006362865107259726 0.0027572415464792144 
0.006029572173069931 0.006393164464913344 0.0029996364077081567 
0.007271845836868259 0.006726457399103139 0.0030299357653617745 
0.007817234274633378 0.006665858683795904 0.0032117319112834808 
0.008483820143012967 0.0056356805235729 0.0028481396194400678 
0.007877832989940613 0.006150769603684402 0.0035753242031268937 
0.005029693370500545 0.006817355472063992 0.003302629984244334 
0.004363107502120955 0.006726457399103139 0.003908617137316689 
0.003545024845473276 0.008423221427705732 0.0038480184220094533 
0.003908617137316689 0.008877711792509999 0.004302508786813719 
0.003332929341897952 0.009241304084353412 0.003696521633741365 
0.0032117319112834808 0.008483820143012967 0.003332929341897952 
0.003726820991394982 0.009483698945582354 0.0030905344806690096 
0.0032117319112834808 0.009726093806811295 0.003181432553629863 
0.0030602351230153923 0.009453399587928736 0.0030602351230153923 
0.002726942188825597 0.009332202157314265 0.002939037692400921 
0.002454247969943037 0.009968488668040237 0.0019391588898315356 
0.0030299357653617745 0.012271239849715187 0.001999757605138771 
0.003151133195976245 0.010422979032844504 0.002363349896982184 
0.002726942188825597 0.009665495091504061 0.0027572415464792144 
0.0025451460429038904 0.009816991879772148 0.0030299357653617745 
0.002211853108714095 0.009604896376196825 0.0033632286995515697 
0.002575445400557508 0.011331959762453036 0.003181432553629863 
0.0029996364077081567 0.0075142406980972 0.0028784389770936856 
0.0021815537510604774 0.005393285662343959 0.0030905344806690096 
0.002605744758211126 0.004878196582232456 0.003181432553629863 
0.0023027511816749485 0.003938916494970307 0.0030905344806690096 
0.002120955035753242 0.0038480184220094533 0.0037571203490486 
0.0016361653132953582 0.003423827414858805 0.003151133195976245 
0.0013331717367591808 0.003545024845473276 0.0038480184220094533 
0.0011210762331838565 0.003696521633741365 0.00442370621742819 
9.695794449157678E-4 0.0030905344806690096 0.004181311356199249 
9.695794449157678E-4 0.004060113925584778 0.004363107502120955 
7.877832989940613E-4 0.0034541267725124226 0.004211610713852866 
9.3928008726215E-4 0.003999515210277542 0.004787298509271604 
5.756877954187371E-4 0.002939037692400921 0.0051205914434613985 
8.180826566476791E-4 0.002454247969943037 0.006029572173069931 
5.756877954187371E-4 0.002120955035753242 0.0066961580414495216 
7.574839413404436E-4 0.0018179614592170646 0.005605381165919282 
7.574839413404436E-4 0.0016361653132953582 0.004938795297539692 
8.786813719549145E-4 0.0016361653132953582 0.005787177311840989 
6.665858683795904E-4 0.001302872379105563 0.005423585019997576 
6.96885226033208E-4 0.0015149678826808872 0.004060113925584778 
7.271845836868258E-4 8.180826566476791E-4 0.0052720882317294875 
6.362865107259726E-4 7.271845836868258E-4 0.0064234638225669615 
8.180826566476791E-4 6.665858683795904E-4 0.0075748394134044356 
8.483820143012969E-4 8.786813719549145E-4 0.004332808144467337 
7.574839413404436E-4 0.001060477517876621 0.004605502363349897 
8.483820143012969E-4 9.089807296085323E-4 0.005544782450612047 
8.786813719549145E-4 6.96885226033208E-4 0.006029572173069931 
6.362865107259726E-4 9.695794449157678E-4 0.005787177311840989 
5.756877954187371E-4 9.695794449157678E-4 0.004393406859774573 
9.089807296085323E-4 7.877832989940613E-4 0.004363107502120955 
6.665858683795904E-4 9.089807296085323E-4 0.005059992728154163 
6.665858683795904E-4 6.362865107259726E-4 0.004454005575081808 
6.362865107259726E-4 7.877832989940613E-4 0.004878196582232456 
0.001060477517876621 9.089807296085323E-4 0.0037874197067022178 
5.756877954187371E-4 7.877832989940613E-4 0.004999394012846927 
4.5449036480426616E-4 8.180826566476791E-4 0.004605502363349897 
7.877832989940613E-4 9.089807296085323E-4 0.004393406859774573 
6.362865107259726E-4 9.089807296085323E-4 0.003999515210277542 
6.059871530723549E-4 9.695794449157678E-4 0.0031208338383226274 
7.877832989940613E-4 6.665858683795904E-4 0.0028481396194400678 
6.362865107259726E-4 7.574839413404436E-4 0.0032420312689370985 
6.362865107259726E-4 9.998788025693856E-4 0.002242152466367713 
7.574839413404436E-4 8.180826566476791E-4 0.0022724518240213308 
6.362865107259726E-4 6.96885226033208E-4 0.0025148466852502726 
6.059871530723549E-4 9.998788025693856E-4 0.002393649254635802 
7.877832989940613E-4 7.877832989940613E-4 0.002454247969943037 
8.483820143012969E-4 0.0012725730214519452 0.0019694582474851534 
6.665858683795904E-4 8.180826566476791E-4 0.002454247969943037 
8.786813719549145E-4 9.089807296085323E-4 0.0015755665979881226 
9.3928008726215E-4 0.0010301781602230034 0.0016361653132953582 
7.271845836868258E-4 0.0012422736637983274 0.001302872379105563 
8.483820143012969E-4 0.0011513755908374743 0.0010907768755302387 
0.0012119743061447098 6.665858683795904E-4 7.877832989940613E-4 
6.059871530723549E-4 0.0012725730214519452 9.695794449157678E-4 
9.089807296085323E-4 0.0010907768755302387 0.0010301781602230034 
9.695794449157678E-4 0.0010301781602230034 8.786813719549145E-4 
8.483820143012969E-4 0.0010907768755302387 0.0010907768755302387 
6.362865107259726E-4 0.0010907768755302387 0.001181674948491092 
8.180826566476791E-4 8.483820143012969E-4 0.001060477517876621 
9.089807296085323E-4 9.3928008726215E-4 8.786813719549145E-4 
0.001302872379105563 0.001302872379105563 0.0010301781602230034 
7.877832989940613E-4 7.574839413404436E-4 9.089807296085323E-4 
8.180826566476791E-4 0.0011210762331838565 9.089807296085323E-4 
0.001181674948491092 8.786813719549145E-4 9.998788025693856E-4 
9.998788025693856E-4 8.180826566476791E-4 0.0012119743061447098 
8.786813719549145E-4 0.001302872379105563 7.574839413404436E-4 
0.0011210762331838565 0.0010907768755302387 8.786813719549145E-4 
0.0010907768755302387 0.0012422736637983274 0.001181674948491092 
5.756877954187371E-4 0.001060477517876621 6.362865107259726E-4 
8.180826566476791E-4 0.0011210762331838565 6.362865107259726E-4 
5.756877954187371E-4 6.665858683795904E-4 5.756877954187371E-4 
0.001060477517876621 8.786813719549145E-4 5.453884377651194E-4 
9.089807296085323E-4 9.998788025693856E-4 7.271845836868258E-4 
7.271845836868258E-4 9.695794449157678E-4 4.5449036480426616E-4 
0.0010301781602230034 5.150890801115017E-4 4.847897224578839E-4 
0.0011210762331838565 7.271845836868258E-4 4.5449036480426616E-4 
9.998788025693856E-4 7.877832989940613E-4 5.756877954187371E-4 
8.180826566476791E-4 8.786813719549145E-4 5.150890801115017E-4 
6.059871530723549E-4 3.9389164949703065E-4 4.2419100715064843E-4 
0.0010907768755302387 5.756877954187371E-4 2.1209550357532422E-4 
9.3928008726215E-4 5.756877954187371E-4 3.635922918434129E-4 
9.089807296085323E-4 6.665858683795904E-4 2.1209550357532422E-4 
0.001181674948491092 5.453884377651194E-4 2.1209550357532422E-4 
6.059871530723549E-4 2.726942188825597E-4 9.089807296085323E-5 
8.483820143012969E-4 4.5449036480426616E-4 1.8179614592170646E-4 
5.150890801115017E-4 3.332929341897952E-4 1.5149678826808873E-4 
8.180826566476791E-4 2.726942188825597E-4 1.2119743061447097E-4 
5.756877954187371E-4 1.8179614592170646E-4 3.0299357653617743E-5 
5.453884377651194E-4 2.4239486122894195E-4 1.5149678826808873E-4 
6.665858683795904E-4 2.4239486122894195E-4 9.089807296085323E-5 
4.2419100715064843E-4 1.8179614592170646E-4 6.0598715307235486E-5 
3.332929341897952E-4 1.5149678826808873E-4 6.0598715307235486E-5 
2.726942188825597E-4 6.0598715307235486E-5 3.0299357653617743E-5 
3.0299357653617746E-4 9.089807296085323E-5 3.0299357653617743E-5 
3.635922918434129E-4 1.2119743061447097E-4 0.0 
2.726942188825597E-4 6.0598715307235486E-5 3.0299357653617743E-5 
2.1209550357532422E-4 0.0 3.0299357653617743E-5 
1.8179614592170646E-4 6.0598715307235486E-5 0.0 
1.5149678826808873E-4 6.0598715307235486E-5 0.0 
1.2119743061447097E-4 6.0598715307235486E-5 0.0 
2.726942188825597E-4 0.0 3.0299357653617743E-5 
1.2119743061447097E-4 6.0598715307235486E-5 3.0299357653617743E-5 
9.089807296085323E-5 6.0598715307235486E-5 0.0 
9.089807296085323E-5 0.0 0.0 
3.0299357653617743E-5 3.0299357653617743E-5 3.0299357653617743E-5 
0.0 3.0299357653617743E-5 3.0299357653617743E-5 
6.0598715307235486E-5 0.0 0.0 
3.0299357653617743E-5 0.0 0.0 
3.0299357653617743E-5 0.0 0.0 
3.0299357653617743E-5 0.0 0.0 
0.0 0.0 0.0 
0.0 0.0 0.0 
0.0 0.0 3.0299357653617743E-5 
3.0299357653617743E-5 3.0299357653617743E-5 0.0 
0.0 0.0 0.0 
3.0299357653617743E-5 0.0 0.0 
0.0 0.0 0.0 
0.0 0.0 0.0 
0.0 0.0 0.0 
0.0 0.0 0.0 
0.0 0.0 0.0 
0.0 0.0 0.0 
0.0 0.0 0.0 
0.0 0.0 0.0 
0.0 0.0 0.0 
0.0 0.0 0.0 
0.0 0.0 0.0 
0.0 0.0 0.0 
0.0 0.0 0.0 
0.0 0.0 0.0 
