0.0 0.0 3.0299357653617743E-5 
0.0 0.0 0.0 
3.0299357653617743E-5 0.0 0.0 
0.0 0.0 0.0 
9.089807296085323E-5 9.089807296085323E-5 6.0598715307235486E-5 
9.089807296085323E-5 3.0299357653617743E-5 6.0598715307235486E-5 
6.0598715307235486E-5 6.0598715307235486E-5 6.0598715307235486E-5 
3.0299357653617743E-5 9.089807296085323E-5 2.1209550357532422E-4 
1.5149678826808873E-4 9.089807296085323E-5 2.1209550357532422E-4 
1.5149678826808873E-4 1.2119743061447097E-4 1.2119743061447097E-4 
4.5449036480426616E-4 6.0598715307235486E-5 7.574839413404436E-4 
6.362865107259726E-4 3.0299357653617746E-4 6.665858683795904E-4 
0.0013331717367591808 5.453884377651194E-4 0.0021815537510604774 
0.002211853108714095 9.695794449157678E-4 0.004938795297539692 
0.0038177190643558356 0.0028481396194400678 0.013907405163010544 
0.016573748636528905 0.014937583323233547 0.020512665131499214 
0.02469397648769846 0.024633377772391225 0.018876499818203853 
0.025299963640770817 0.02445158162646952 0.01824021330747788 
0.020906556780996243 0.01866440431462853 0.013543812871167132 
0.018725003029935766 0.018088716519209794 0.012422736637983274 
0.018785601745243 0.017119137074294025 0.010301781602230033 
0.019361289540661738 0.018694703672282147 0.010150284813961944 
0.01624045570233911 0.014483092958429282 0.008302023997091262 
0.012725730214519452 0.012786328929826687 0.007483941340443582 
0.010180584171615562 0.010422979032844504 0.005605381165919282 
0.010938068112956006 0.009574597018543208 0.005484183735304812 
0.010544176463458975 0.00927160344200703 0.0052720882317294875 
0.009665495091504061 0.00833232335474488 0.004726699793964368 
0.008968609865470852 0.00833232335474488 0.005423585019997576 
0.008877711792509999 0.008362622712398498 0.004484304932735426 
0.009150406011392559 0.007877832989940613 0.005514483092958429 
0.0077263362016725245 0.007211247121561023 0.0048175978669252216 
0.007090049690946552 0.00684765482971761 0.004666101078657133 
0.00712034904860017 0.00712034904860017 0.00442370621742819 
0.00712034904860017 0.007332444552175494 0.0039692158526239245 
0.006756756756756757 0.006484062537874197 0.0036359229184341293 
0.0056962792388801356 0.006877954187371227 0.002605744758211126 
0.005817476669494607 0.006787056114410375 0.0032420312689370985 
0.006181068961338019 0.006271967034298873 0.003878317779663071 
0.005514483092958429 0.005544782450612047 0.0030299357653617745 
0.0052720882317294875 0.005878075384801842 0.0026966428311719793 
0.004635801721003515 0.005423585019997576 0.0026966428311719793 
0.003908617137316689 0.005665979881226518 0.003181432553629863 
0.00442370621742819 0.004908495939886074 0.002484547327596655 
0.0038177190643558356 0.00442370621742819 0.002120955035753242 
0.0032420312689370985 0.004575203005696279 0.002939037692400921 
0.0029996364077081567 0.0038177190643558356 0.0029996364077081567 
0.0032723306265907163 0.003726820991394982 0.002605744758211126 
0.0030905344806690096 0.003878317779663071 0.0032420312689370985 
0.0024239486122894197 0.0026966428311719793 0.0030299357653617745 
0.0026663434735183615 0.0032723306265907163 0.003151133195976245 
0.002726942188825597 0.002484547327596655 0.0030602351230153923 
0.002787540904132832 0.002969337050054539 0.0023330505393285663 
0.0026966428311719793 0.0022724518240213308 0.003181432553629863 
0.002726942188825597 0.002363349896982184 0.0028784389770936856 
0.003181432553629863 0.002726942188825597 0.0030905344806690096 
0.002787540904132832 0.002484547327596655 0.0028481396194400678 
0.002939037692400921 0.002363349896982184 0.003666222276087747 
0.0029996364077081567 0.002242152466367713 0.0032420312689370985 
0.0028481396194400678 0.002939037692400921 0.0029087383347473033 
0.0026966428311719793 0.002454247969943037 0.002393649254635802 
0.0024239486122894197 0.002787540904132832 0.0030602351230153923 
0.0021512543934068596 0.00281784026178645 0.002484547327596655 
0.001999757605138771 0.002726942188825597 0.0026966428311719793 
0.0019088595321779178 0.002120955035753242 0.0026663434735183615 
0.0015149678826808872 0.0022724518240213308 0.0026663434735183615 
0.0020906556780996245 0.0021512543934068596 0.002363349896982184 
0.0013331717367591808 0.0015149678826808872 0.002363349896982184 
0.0019694582474851534 0.001302872379105563 0.0030299357653617745 
0.0017270633862562113 0.0015149678826808872 0.0026360441158647437 
0.0017270633862562113 0.0012725730214519452 0.002605744758211126 
0.0019694582474851534 0.0017270633862562113 0.0027572415464792144 
0.0018179614592170646 0.0016361653132953582 0.002726942188825597 
0.001666464670948976 0.0014543691673736517 0.002242152466367713 
0.0014543691673736517 0.001302872379105563 0.002120955035753242 
0.001666464670948976 0.0018785601745243 0.0027572415464792144 
0.0022724518240213308 0.0015755665979881226 0.0027572415464792144 
0.0014846685250272695 0.0016967640286025937 0.002605744758211126 
0.0015755665979881226 0.0010907768755302387 0.002211853108714095 
0.001666464670948976 0.0013331717367591808 0.002363349896982184 
0.0016058659556417404 0.0012725730214519452 0.002393649254635802 
0.0023330505393285663 0.0014846685250272695 0.002211853108714095 
0.002242152466367713 0.0018482608168706824 0.0025451460429038904 
0.0018482608168706824 0.0014240698097200339 0.002030056962792389 
0.0018482608168706824 0.001302872379105563 0.002393649254635802 
0.0019694582474851534 0.001302872379105563 0.0015149678826808872 
0.0023027511816749485 0.001302872379105563 0.0019694582474851534 
0.0021815537510604774 0.0014543691673736517 0.0018179614592170646 
0.0017876621015634469 0.0016967640286025937 0.0020906556780996245 
0.0020906556780996245 0.0013331717367591808 0.0024239486122894197 
0.0015149678826808872 0.0017270633862562113 0.002242152466367713 
0.0018785601745243 0.0016058659556417404 0.002120955035753242 
0.0019088595321779178 0.0015755665979881226 0.0023027511816749485 
0.0016361653132953582 0.0017876621015634469 0.0019694582474851534 
0.0018179614592170646 0.0015452672403345048 0.0025148466852502726 
0.0015452672403345048 0.0016967640286025937 0.0019391588898315356 
0.0019694582474851534 0.0016361653132953582 0.0023027511816749485 
0.0017876621015634469 0.0016361653132953582 0.002454247969943037 
0.0015452672403345048 0.0019088595321779178 0.0018785601745243 
0.002363349896982184 0.0018482608168706824 0.0016967640286025937 
0.0023330505393285663 0.001666464670948976 0.002030056962792389 
0.0021815537510604774 0.001757362743909829 0.0014846685250272695 
0.0019088595321779178 0.0019694582474851534 0.0012422736637983274 
0.0024239486122894197 0.0019694582474851534 0.0015149678826808872 
0.002575445400557508 0.0015755665979881226 0.0013331717367591808 
0.0026360441158647437 0.0012422736637983274 0.0012422736637983274 
0.00281784026178645 0.0016967640286025937 0.0017270633862562113 
0.0021815537510604774 0.0016361653132953582 0.0015149678826808872 
0.0034541267725124226 0.0016361653132953582 0.0012422736637983274 
0.0028784389770936856 0.0019088595321779178 0.001393770452066416 
0.002605744758211126 0.0018785601745243 0.001666464670948976 
0.002242152466367713 0.0018482608168706824 0.0012725730214519452 
0.0017876621015634469 0.0018785601745243 0.0013331717367591808 
0.002454247969943037 0.002120955035753242 0.001181674948491092 
0.0023330505393285663 0.0018785601745243 0.0013331717367591808 
0.0022724518240213308 0.0023027511816749485 0.0013331717367591808 
0.0020906556780996245 0.0022724518240213308 0.0016361653132953582 
0.003151133195976245 0.0028481396194400678 0.0011210762331838565 
0.003726820991394982 0.0021512543934068596 0.0010907768755302387 
0.003302629984244334 0.002575445400557508 0.0012119743061447098 
0.0033632286995515697 0.003302629984244334 9.998788025693856E-4 
0.00281784026178645 0.0029996364077081567 0.001302872379105563 
0.0029087383347473033 0.0031208338383226274 0.0014543691673736517 
0.0026966428311719793 0.0030905344806690096 0.0012725730214519452 
0.0022724518240213308 0.0033935280572051875 0.0014543691673736517 
0.00281784026178645 0.0021512543934068596 0.0013634710944127985 
0.003514725487819658 0.0023027511816749485 0.0014846685250272695 
0.0021815537510604774 0.0027572415464792144 9.3928008726215E-4 
0.001999757605138771 0.002939037692400921 0.001181674948491092 
0.0028481396194400678 0.0031208338383226274 0.0012119743061447098 
0.003514725487819658 0.00402981456793116 0.0012119743061447098 
0.0030602351230153923 0.004302508786813719 0.0010301781602230034 
0.003908617137316689 0.0032117319112834808 0.001302872379105563 
0.003999515210277542 0.003332929341897952 0.0010907768755302387 
0.002939037692400921 0.002969337050054539 0.001302872379105563 
0.0030299357653617745 0.0025451460429038904 9.695794449157678E-4 
0.0036056235607805115 0.0026360441158647437 0.001302872379105563 
0.004241910071506484 0.004060113925584778 0.0012119743061447098 
0.0038480184220094533 0.0035753242031268937 0.0017270633862562113 
0.003423827414858805 0.0035753242031268937 0.0015452672403345048 
0.004120712640892013 0.0039692158526239245 0.001757362743909829 
0.00469640043631075 0.0031208338383226274 0.0015452672403345048 
0.0036359229184341293 0.002787540904132832 0.0012119743061447098 
0.00524178887407587 0.00442370621742819 0.001757362743909829 
0.004999394012846927 0.005544782450612047 0.0015452672403345048 
0.004332808144467337 0.005514483092958429 0.0016058659556417404 
0.004575203005696279 0.004756999151617986 0.0013331717367591808 
0.005150890801115016 0.005665979881226518 0.0013331717367591808 
0.004120712640892013 0.004575203005696279 0.001302872379105563 
0.005181190158768634 0.004120712640892013 0.0015149678826808872 
0.005575081808265664 0.003696521633741365 0.0015452672403345048 
0.005150890801115016 0.004151011998545631 0.0015452672403345048 
0.005817476669494607 0.0032420312689370985 0.0018482608168706824 
0.005059992728154163 0.0034541267725124226 0.0015452672403345048 
0.004787298509271604 0.0032420312689370985 0.0019088595321779178 
0.005423585019997576 0.0031208338383226274 0.0019391588898315356 
0.005575081808265664 0.0039692158526239245 0.0018179614592170646 
0.006150769603684402 0.0042722094291601015 0.0019694582474851534 
0.005423585019997576 0.00442370621742819 0.0019088595321779178 
0.007453641982789964 0.00469640043631075 0.0019694582474851534 
0.006665858683795904 0.004302508786813719 0.0023330505393285663 
0.007059750333292934 0.004211610713852866 0.0018179614592170646 
0.006484062537874197 0.0042722094291601015 0.0018179614592170646 
0.00684765482971761 0.004393406859774573 0.0016967640286025937 
0.007362743909829112 0.004878196582232456 0.002030056962792389 
0.005999272815416313 0.0056356805235729 0.002211853108714095 
0.006150769603684402 0.005453884377651194 0.002120955035753242 
0.0066961580414495216 0.005453884377651194 0.0023027511816749485 
0.005938674100109078 0.005726578596533753 0.002575445400557508 
0.006938552902678463 0.0061204702460307845 0.0028784389770936856 
0.006787056114410375 0.006211368318991637 0.002726942188825597 
0.007029450975639316 0.00657496061083505 0.0028784389770936856 
0.006453763180220579 0.006787056114410375 0.003302629984244334 
0.006271967034298873 0.006605259968488668 0.003302629984244334 
0.006181068961338019 0.007696036844018907 0.0035753242031268937 
0.0064234638225669615 0.0074233426251363475 0.0034541267725124226 
0.006332565749606108 0.00778693491697976 0.002575445400557508 
0.006877954187371227 0.00684765482971761 0.002605744758211126 
0.007544540055750818 0.006453763180220579 0.003181432553629863 
0.0066961580414495216 0.006332565749606108 0.0032420312689370985 
0.006393164464913344 0.005726578596533753 0.0029087383347473033 
0.007362743909829112 0.0058477760271482245 0.0029087383347473033 
0.007059750333292934 0.006544661253181433 0.0034844261301660404 
0.005575081808265664 0.006605259968488668 0.004241910071506484 
0.006332565749606108 0.00630226639195249 0.0033935280572051875 
0.006908253545024845 0.0064234638225669615 0.0031208338383226274 
0.005817476669494607 0.005787177311840989 0.0030299357653617745 
0.007090049690946552 0.005332686947036723 0.0029087383347473033 
0.0061204702460307845 0.005453884377651194 0.003151133195976245 
0.005423585019997576 0.005605381165919282 0.0038177190643558356 
0.005090292085807781 0.006756756756756757 0.0042722094291601015 
0.005665979881226518 0.006938552902678463 0.003666222276087747 
0.007847533632286996 0.007756635559326142 0.004241910071506484 
0.007635438128711671 0.007999030420555085 0.004635801721003515 
0.006756756756756757 0.0077263362016725245 0.005817476669494607 
0.006665858683795904 0.006029572173069931 0.0056962792388801356 
0.006817355472063992 0.007332444552175494 0.00590837474245546 
0.005362986304690341 0.008180826566476791 0.006181068961338019 
0.0052720882317294875 0.007362743909829112 0.0051205914434613985 
0.004120712640892013 0.00778693491697976 0.004605502363349897 
0.003908617137316689 0.007938431705247849 0.004151011998545631 
0.0036056235607805115 0.007877832989940613 0.004332808144467337 
0.005362986304690341 0.006817355472063992 0.00469640043631075 
0.0038480184220094533 0.00739304326748273 0.004787298509271604 
0.005181190158768634 0.007999030420555085 0.005817476669494607 
0.004120712640892013 0.00912010665373894 0.007756635559326142 
0.003938916494970307 0.00899890922312447 0.008877711792509999 
0.0033935280572051875 0.006241667676645255 0.008483820143012967 
0.0024239486122894197 0.0056356805235729 0.007696036844018907 
0.0025451460429038904 0.004666101078657133 0.008908011150163616 
0.0019088595321779178 0.003908617137316689 0.00857471821597382 
0.0017270633862562113 0.006271967034298873 0.009574597018543208 
0.002575445400557508 0.006453763180220579 0.011695552054296449 
0.0013331717367591808 0.0045449036480426615 0.013210519936977336 
0.0013634710944127985 0.002726942188825597 0.014907283965579929 
0.0018482608168706824 0.0028481396194400678 0.01717973578960126 
0.0023027511816749485 0.0037571203490486 0.01717973578960126 
0.001302872379105563 0.0021512543934068596 0.016028360198763785 
0.0021815537510604774 0.002030056962792389 0.018482608168706824 
0.0020603563204460067 0.0032117319112834808 0.02163374136468307 
0.002030056962792389 0.0014846685250272695 0.022754817597866926 
0.0019391588898315356 0.0014240698097200339 0.024330384195855047 
0.0038480184220094533 0.002939037692400921 0.025421161071385288 
0.0025451460429038904 0.003878317779663071 0.03063265058780754 
0.0018179614592170646 0.003151133195976245 0.030147860865349655 
0.0014543691673736517 0.0014240698097200339 0.024087989334626105 
0.001181674948491092 0.0015149678826808872 0.014543691673736517 
7.271845836868258E-4 0.0016058659556417404 0.007332444552175494 
6.059871530723549E-4 0.0012119743061447098 0.00402981456793116 
3.332929341897952E-4 6.059871530723549E-4 0.002211853108714095 
1.8179614592170646E-4 3.635922918434129E-4 0.0017270633862562113 
2.4239486122894195E-4 2.1209550357532422E-4 0.001302872379105563 
9.089807296085323E-5 1.5149678826808873E-4 0.0011210762331838565 
1.2119743061447097E-4 1.5149678826808873E-4 6.665858683795904E-4 
1.8179614592170646E-4 6.0598715307235486E-5 9.695794449157678E-4 
9.089807296085323E-5 1.8179614592170646E-4 7.574839413404436E-4 
1.2119743061447097E-4 9.089807296085323E-5 6.665858683795904E-4 
6.0598715307235486E-5 1.8179614592170646E-4 9.695794449157678E-4 
9.089807296085323E-5 1.5149678826808873E-4 6.665858683795904E-4 
3.0299357653617743E-5 6.0598715307235486E-5 4.5449036480426616E-4 
0.0 3.0299357653617743E-5 4.5449036480426616E-4 
0.0 3.0299357653617743E-5 4.2419100715064843E-4 
0.0 0.0 3.0299357653617746E-4 
0.0 0.0 1.2119743061447097E-4 
3.0299357653617743E-5 0.0 2.1209550357532422E-4 
0.0 0.0 2.1209550357532422E-4 
0.0 0.0 3.332929341897952E-4 
0.0 0.0 9.089807296085323E-5 
0.0 0.0 3.0299357653617743E-5 
0.0 0.0 6.0598715307235486E-5 
0.0 0.0 6.0598715307235486E-5 
0.0 0.0 6.0598715307235486E-5 
0.0 0.0 9.089807296085323E-5 
0.0 0.0 3.0299357653617743E-5 
0.0 0.0 6.0598715307235486E-5 
0.0 0.0 2.726942188825597E-4 
