0.0011513755908374743 2.4239486122894195E-4 1.5149678826808873E-4 
1.5149678826808873E-4 9.089807296085323E-5 3.0299357653617743E-5 
1.2119743061447097E-4 0.0 3.0299357653617743E-5 
1.8179614592170646E-4 1.2119743061447097E-4 6.0598715307235486E-5 
9.089807296085323E-5 9.089807296085323E-5 9.089807296085323E-5 
2.726942188825597E-4 2.4239486122894195E-4 9.089807296085323E-5 
4.2419100715064843E-4 1.5149678826808873E-4 3.0299357653617743E-5 
4.2419100715064843E-4 1.2119743061447097E-4 6.0598715307235486E-5 
5.453884377651194E-4 9.089807296085323E-5 2.4239486122894195E-4 
3.635922918434129E-4 1.8179614592170646E-4 3.0299357653617746E-4 
6.059871530723549E-4 1.5149678826808873E-4 2.4239486122894195E-4 
5.453884377651194E-4 3.0299357653617746E-4 2.4239486122894195E-4 
5.150890801115017E-4 4.2419100715064843E-4 6.0598715307235486E-5 
6.96885226033208E-4 5.756877954187371E-4 2.1209550357532422E-4 
6.362865107259726E-4 5.453884377651194E-4 2.4239486122894195E-4 
6.362865107259726E-4 5.756877954187371E-4 3.0299357653617746E-4 
0.0010907768755302387 6.665858683795904E-4 3.332929341897952E-4 
0.0010301781602230034 6.96885226033208E-4 3.0299357653617746E-4 
0.001302872379105563 6.059871530723549E-4 6.362865107259726E-4 
0.001181674948491092 5.150890801115017E-4 4.5449036480426616E-4 
0.0011513755908374743 6.665858683795904E-4 2.1209550357532422E-4 
0.0010301781602230034 4.2419100715064843E-4 2.726942188825597E-4 
0.0015149678826808872 6.665858683795904E-4 4.2419100715064843E-4 
0.0021815537510604774 7.877832989940613E-4 3.635922918434129E-4 
0.0015149678826808872 9.998788025693856E-4 4.5449036480426616E-4 
0.002242152466367713 5.756877954187371E-4 4.847897224578839E-4 
0.003302629984244334 8.786813719549145E-4 6.362865107259726E-4 
0.0033935280572051875 7.877832989940613E-4 4.5449036480426616E-4 
0.002242152466367713 5.150890801115017E-4 4.5449036480426616E-4 
0.004060113925584778 5.756877954187371E-4 7.574839413404436E-4 
0.0034844261301660404 5.150890801115017E-4 5.756877954187371E-4 
0.006181068961338019 9.3928008726215E-4 3.635922918434129E-4 
0.007302145194521876 0.0010907768755302387 6.96885226033208E-4 
0.00884741243485638 0.0010907768755302387 0.0010907768755302387 
0.008877711792509999 9.695794449157678E-4 6.96885226033208E-4 
0.013271118652284572 6.96885226033208E-4 7.877832989940613E-4 
0.009453399587928736 9.3928008726215E-4 7.877832989940613E-4 
0.006877954187371227 0.001060477517876621 6.665858683795904E-4 
0.006090170888377167 0.001060477517876621 9.998788025693856E-4 
0.0077263362016725245 9.089807296085323E-4 4.5449036480426616E-4 
0.008635316931281056 8.786813719549145E-4 6.362865107259726E-4 
0.00805962913586232 0.0010907768755302387 7.877832989940613E-4 
0.005999272815416313 0.0010301781602230034 0.0010301781602230034 
0.007059750333292934 0.0012119743061447098 0.0010907768755302387 
0.00712034904860017 0.0012422736637983274 0.001302872379105563 
0.007241546479214641 9.695794449157678E-4 0.0010907768755302387 
0.007211247121561023 0.0010907768755302387 9.998788025693856E-4 
0.009089807296085323 0.0010301781602230034 0.001060477517876621 
0.005968973457762696 0.0015452672403345048 0.0013331717367591808 
0.009635195733850443 0.0013331717367591808 0.001302872379105563 
0.007756635559326142 0.0012725730214519452 9.998788025693856E-4 
0.007483941340443582 0.0015149678826808872 0.0010907768755302387 
0.007999030420555085 0.001181674948491092 0.0011210762331838565 
0.0075142406980972 0.0014543691673736517 0.001393770452066416 
0.00712034904860017 0.001393770452066416 0.001181674948491092 
0.0064234638225669615 0.001302872379105563 0.0016058659556417404 
0.005787177311840989 0.001757362743909829 0.0016361653132953582 
0.00712034904860017 0.0017270633862562113 0.001666464670948976 
0.006362865107259726 0.0015452672403345048 0.0013331717367591808 
0.006241667676645255 0.0016967640286025937 0.002030056962792389 
0.007180947763907405 0.0015149678826808872 0.001999757605138771 
0.007453641982789964 0.0020906556780996245 0.0015452672403345048 
0.006787056114410375 0.0021815537510604774 0.0017270633862562113 
0.0056962792388801356 0.001757362743909829 0.0018785601745243 
0.00712034904860017 0.0019694582474851534 0.0020906556780996245 
0.005484183735304812 0.0018179614592170646 0.0014543691673736517 
0.007271845836868259 0.0017876621015634469 0.0014240698097200339 
0.006090170888377167 0.0019391588898315356 0.0015452672403345048 
0.007302145194521876 0.0026663434735183615 0.0018179614592170646 
0.00630226639195249 0.0028481396194400678 0.0019694582474851534 
0.006393164464913344 0.0026360441158647437 0.0017876621015634469 
0.006665858683795904 0.003181432553629863 0.0016361653132953582 
0.006514361895527815 0.004575203005696279 0.0016361653132953582 
0.006635559326142286 0.004575203005696279 0.0018482608168706824 
0.007271845836868259 0.004756999151617986 0.0022724518240213308 
0.006514361895527815 0.007029450975639316 0.0013331717367591808 
0.0051205914434613985 0.009423100230275119 0.0019391588898315356 
0.005302387589383105 0.008786813719549145 0.0017876621015634469 
0.005514483092958429 0.009241304084353412 0.0016361653132953582 
0.0064234638225669615 0.008877711792509999 0.0015755665979881226 
0.006241667676645255 0.008483820143012967 0.0015755665979881226 
0.0056962792388801356 0.009816991879772148 0.001302872379105563 
0.006090170888377167 0.007302145194521876 0.001666464670948976 
0.00630226639195249 0.007090049690946552 0.0015149678826808872 
0.0064234638225669615 0.00684765482971761 0.001757362743909829 
0.005817476669494607 0.007090049690946552 0.001666464670948976 
0.007090049690946552 0.006787056114410375 0.001666464670948976 
0.007241546479214641 0.005787177311840989 0.0019391588898315356 
0.0066961580414495216 0.0074233426251363475 0.0019694582474851534 
0.006362865107259726 0.006635559326142286 0.0018482608168706824 
0.006241667676645255 0.007756635559326142 0.0012725730214519452 
0.005938674100109078 0.005999272815416313 0.0015149678826808872 
0.0071506484062537875 0.0074233426251363475 0.0016967640286025937 
0.006514361895527815 0.005999272815416313 0.0019088595321779178 
0.007696036844018907 0.007696036844018907 0.0014543691673736517 
0.006605259968488668 0.006756756756756757 0.0011513755908374743 
0.0074233426251363475 0.006877954187371227 0.0014240698097200339 
0.008241425281784027 0.005453884377651194 0.0013331717367591808 
0.00712034904860017 0.008605017573627438 0.001393770452066416 
0.007756635559326142 0.008362622712398498 0.0016361653132953582 
0.006484062537874197 0.007605138771058053 0.0016967640286025937 
0.0075748394134044356 0.006726457399103139 0.0014846685250272695 
0.00739304326748273 0.007635438128711671 0.0015755665979881226 
0.007059750333292934 0.007271845836868259 0.002242152466367713 
0.0066961580414495216 0.006393164464913344 0.0019088595321779178 
0.0056356805235729 0.005817476669494607 0.0021512543934068596 
0.007271845836868259 0.006181068961338019 0.001757362743909829 
0.006817355472063992 0.00657496061083505 0.0018482608168706824 
0.006332565749606108 0.006211368318991637 0.0019088595321779178 
0.006271967034298873 0.006181068961338019 0.0020906556780996245 
0.0074233426251363475 0.006453763180220579 0.0019694582474851534 
0.006787056114410375 0.008211125924130409 0.001999757605138771 
0.005878075384801842 0.006362865107259726 0.002393649254635802 
0.006908253545024845 0.006059871530723549 0.0021815537510604774 
0.006150769603684402 0.005756877954187371 0.002030056962792389 
0.005484183735304812 0.007302145194521876 0.002030056962792389 
0.006756756756756757 0.006756756756756757 0.0018785601745243 
0.0061204702460307845 0.007332444552175494 0.002363349896982184 
0.006453763180220579 0.0056356805235729 0.002030056962792389 
0.005332686947036723 0.007665737486365289 0.0024239486122894197 
0.0056356805235729 0.008029329778208702 0.002787540904132832 
0.005150890801115016 0.0069991516179856985 0.0029996364077081567 
0.005453884377651194 0.007332444552175494 0.003545024845473276 
0.004605502363349897 0.008120227851169556 0.003545024845473276 
0.005150890801115016 0.007605138771058053 0.0030299357653617745 
0.0051205914434613985 0.007302145194521876 0.002969337050054539 
0.004605502363349897 0.008302023997091262 0.0028784389770936856 
0.00524178887407587 0.0066961580414495216 0.002605744758211126 
0.004787298509271604 0.007362743909829112 0.0029996364077081567 
0.0052720882317294875 0.00845352078535935 0.003514725487819658 
0.004363107502120955 0.007605138771058053 0.003908617137316689 
0.0051205914434613985 0.008029329778208702 0.0036359229184341293 
0.004635801721003515 0.00778693491697976 0.005059992728154163 
0.004332808144467337 0.007999030420555085 0.005726578596533753 
0.004241910071506484 0.00884741243485638 0.005878075384801842 
0.0048175978669252216 0.007453641982789964 0.006484062537874197 
0.004575203005696279 0.009180705369046176 0.006665858683795904 
0.00496909465519331 0.008150527208823173 0.007817234274633378 
0.005059992728154163 0.009029208580778087 0.009029208580778087 
0.005150890801115016 0.008544418858320203 0.00927160344200703 
0.005150890801115016 0.0093928008726215 0.009241304084353412 
0.0045449036480426615 0.007999030420555085 0.007877832989940613 
0.004241910071506484 0.008514119500666585 0.009695794449157679 
0.0042722094291601015 0.008120227851169556 0.00857471821597382 
0.0037571203490486 0.009483698945582354 0.008241425281784027 
0.003999515210277542 0.008241425281784027 0.008180826566476791 
0.004151011998545631 0.008877711792509999 0.009665495091504061 
0.00402981456793116 0.008605017573627438 0.008302023997091262 
0.003938916494970307 0.008605017573627438 0.008180826566476791 
0.003726820991394982 0.007696036844018907 0.007241546479214641 
0.004241910071506484 0.00712034904860017 0.010847170039995153 
0.003726820991394982 0.006241667676645255 0.009604896376196825 
0.0037874197067022178 0.00778693491697976 0.01005938674100109 
0.004120712640892013 0.007180947763907405 0.009362501514967883 
0.0035753242031268937 0.006635559326142286 0.010453278390498122 
0.003908617137316689 0.006756756756756757 0.009423100230275119 
0.004120712640892013 0.006332565749606108 0.010938068112956006 
0.0036359229184341293 0.007483941340443582 0.010453278390498122 
0.0039692158526239245 0.0069991516179856985 0.012180341776754334 
0.003878317779663071 0.006756756756756757 0.010241182886922797 
0.003181432553629863 0.006059871530723549 0.009877590595079384 
0.0037874197067022178 0.005968973457762696 0.009241304084353412 
0.003999515210277542 0.0071506484062537875 0.00872621500424191 
0.003332929341897952 0.00657496061083505 0.009665495091504061 
0.0030905344806690096 0.006211368318991637 0.009695794449157679 
0.003181432553629863 0.006938552902678463 0.010392679675190886 
0.003878317779663071 0.00630226639195249 0.010998666828263242 
0.0035753242031268937 0.00712034904860017 0.00954429766088959 
0.0028784389770936856 0.006787056114410375 0.010241182886922797 
0.0032420312689370985 0.006393164464913344 0.009604896376196825 
0.0037571203490486 0.005756877954187371 0.01048357774815174 
0.0037874197067022178 0.0058477760271482245 0.009211004726699794 
0.0033935280572051875 0.005150890801115016 0.010544176463458975 
0.003545024845473276 0.0056356805235729 0.009150406011392559 
0.0030905344806690096 0.004666101078657133 0.009726093806811295 
0.003181432553629863 0.005211489516422252 0.010362380317537268 
0.0030905344806690096 0.004938795297539692 0.01005938674100109 
0.0034541267725124226 0.00469640043631075 0.011089564901224093 
0.002939037692400921 0.00496909465519331 0.009089807296085323 
0.0028481396194400678 0.004151011998545631 0.009726093806811295 
0.0028481396194400678 0.004060113925584778 0.011604653981335596 
0.0037874197067022178 0.004847897224578839 0.010786571324687917 
0.003696521633741365 0.004575203005696279 0.009453399587928736 
0.003666222276087747 0.004514604290389044 0.011513755908374742 
0.0037874197067022178 0.004302508786813719 0.01005938674100109 
0.0034844261301660404 0.004514604290389044 0.012240940492061569 
0.0038480184220094533 0.004302508786813719 0.011028966185916858 
0.003514725487819658 0.004211610713852866 0.01048357774815174 
0.003726820991394982 0.004514604290389044 0.012968125075748394 
0.002969337050054539 0.003878317779663071 0.01033208095988365 
0.003181432553629863 0.004241910071506484 0.011331959762453036 
0.0027572415464792144 0.003666222276087747 0.009332202157314265 
0.003332929341897952 0.0037571203490486 0.008877711792509999 
0.00281784026178645 0.004151011998545631 0.007453641982789964 
0.002787540904132832 0.0038177190643558356 0.007665737486365289 
0.002787540904132832 0.004847897224578839 0.0069991516179856985 
0.0029996364077081567 0.004878196582232456 0.007332444552175494 
0.0028784389770936856 0.003878317779663071 0.0071506484062537875 
0.0024239486122894197 0.004878196582232456 0.006332565749606108 
0.002454247969943037 0.0045449036480426615 0.007241546479214641 
0.002575445400557508 0.004090413283238396 0.007665737486365289 
0.002605744758211126 0.0042722094291601015 0.006029572173069931 
0.002242152466367713 0.003696521633741365 0.006181068961338019 
0.0021512543934068596 0.0033632286995515697 0.00590837474245546 
0.0020603563204460067 0.0038177190643558356 0.0052720882317294875 
0.0020603563204460067 0.0033632286995515697 0.005968973457762696 
0.002120955035753242 0.0031208338383226274 0.005423585019997576 
0.0019088595321779178 0.0031208338383226274 0.005393285662343959 
0.0015755665979881226 0.003666222276087747 0.004787298509271604 
0.0014240698097200339 0.003332929341897952 0.006029572173069931 
0.0018482608168706824 0.0036359229184341293 0.004211610713852866 
0.0014543691673736517 0.003726820991394982 0.005211489516422252 
0.0015149678826808872 0.0030905344806690096 0.004302508786813719 
0.0017876621015634469 0.0028784389770936856 0.005332686947036723 
0.0011210762331838565 0.0020906556780996245 0.004120712640892013 
9.089807296085323E-4 0.002120955035753242 0.00524178887407587 
9.998788025693856E-4 0.002211853108714095 0.004302508786813719 
9.695794449157678E-4 0.0016361653132953582 0.004484304932735426 
6.059871530723549E-4 0.0020906556780996245 0.00469640043631075 
6.96885226033208E-4 0.0021815537510604774 0.005090292085807781 
6.059871530723549E-4 0.0017876621015634469 0.005211489516422252 
6.362865107259726E-4 0.0011513755908374743 0.004151011998545631 
5.756877954187371E-4 0.0010907768755302387 0.005181190158768634 
6.059871530723549E-4 0.0012119743061447098 0.005362986304690341 
4.5449036480426616E-4 0.0012725730214519452 0.004756999151617986 
4.2419100715064843E-4 8.180826566476791E-4 0.00402981456793116 
9.089807296085323E-5 6.059871530723549E-4 0.004060113925584778 
1.5149678826808873E-4 4.847897224578839E-4 0.003878317779663071 
2.1209550357532422E-4 5.756877954187371E-4 0.003666222276087747 
6.0598715307235486E-5 4.2419100715064843E-4 0.003666222276087747 
9.089807296085323E-5 2.1209550357532422E-4 0.003181432553629863 
6.0598715307235486E-5 3.0299357653617746E-4 0.003181432553629863 
1.2119743061447097E-4 1.8179614592170646E-4 0.003302629984244334 
3.0299357653617743E-5 2.4239486122894195E-4 0.0031208338383226274 
6.0598715307235486E-5 9.089807296085323E-5 0.0025148466852502726 
0.0 1.2119743061447097E-4 0.0025148466852502726 
3.0299357653617743E-5 6.0598715307235486E-5 0.0018482608168706824 
0.0 6.0598715307235486E-5 0.001757362743909829 
3.0299357653617743E-5 1.5149678826808873E-4 0.0010907768755302387 
0.0 9.089807296085323E-5 0.0014240698097200339 
0.0 1.2119743061447097E-4 0.0013634710944127985 
0.0 0.0 7.574839413404436E-4 
0.0 0.0 8.786813719549145E-4 
0.0 0.0 0.001060477517876621 
0.0 3.0299357653617743E-5 9.998788025693856E-4 
0.0 0.0 4.2419100715064843E-4 
0.0 3.0299357653617743E-5 6.362865107259726E-4 
0.0 0.0 4.2419100715064843E-4 
0.0 0.0 3.332929341897952E-4 
0.0 0.0 2.4239486122894195E-4 
0.0 0.0 2.1209550357532422E-4 
0.0 0.0 1.5149678826808873E-4 
0.0 0.0 2.726942188825597E-4 
0.0 0.0 1.8179614592170646E-4 
0.0 0.0 2.726942188825597E-4 
0.0 0.0 4.847897224578839E-4 
