0.005423585019997576 0.007059750333292934 0.011877348200218156 
0.0023330505393285663 0.0031208338383226274 0.0020906556780996245 
0.0024239486122894197 0.00281784026178645 0.003514725487819658 
0.003878317779663071 0.002969337050054539 0.002605744758211126 
0.0030905344806690096 0.003332929341897952 0.003878317779663071 
0.004151011998545631 0.004726699793964368 0.004302508786813719 
0.0042722094291601015 0.005423585019997576 0.0052720882317294875 
0.005332686947036723 0.006211368318991637 0.004999394012846927 
0.006029572173069931 0.0052720882317294875 0.005362986304690341 
0.006362865107259726 0.006877954187371227 0.006181068961338019 
0.006605259968488668 0.0074233426251363475 0.006453763180220579 
0.008514119500666585 0.0074233426251363475 0.00657496061083505 
0.0066961580414495216 0.008302023997091262 0.006544661253181433 
0.007938431705247849 0.008362622712398498 0.006877954187371227 
0.008756514361895527 0.008211125924130409 0.008120227851169556 
0.00845352078535935 0.009150406011392559 0.008120227851169556 
0.008392922070052116 0.009332202157314265 0.008211125924130409 
0.007968731062901467 0.00845352078535935 0.008180826566476791 
0.007968731062901467 0.008302023997091262 0.007362743909829112 
0.008089928493515938 0.008120227851169556 0.008029329778208702 
0.007605138771058053 0.007605138771058053 0.008423221427705732 
0.007544540055750818 0.007635438128711671 0.00927160344200703 
0.0075142406980972 0.008120227851169556 0.009029208580778087 
0.006241667676645255 0.0077263362016725245 0.008362622712398498 
0.008302023997091262 0.007090049690946552 0.007453641982789964 
0.006968852260332081 0.007362743909829112 0.007665737486365289 
0.006393164464913344 0.007362743909829112 0.007544540055750818 
0.006817355472063992 0.007180947763907405 0.0066961580414495216 
0.006938552902678463 0.008392922070052116 0.008605017573627438 
0.0066961580414495216 0.00684765482971761 0.007938431705247849 
0.007332444552175494 0.00657496061083505 0.007090049690946552 
0.007029450975639316 0.006908253545024845 0.007544540055750818 
0.006817355472063992 0.006968852260332081 0.007241546479214641 
0.006817355472063992 0.006635559326142286 0.006453763180220579 
0.00630226639195249 0.007332444552175494 0.007029450975639316 
0.006514361895527815 0.007332444552175494 0.0071506484062537875 
0.006756756756756757 0.0071506484062537875 0.0069991516179856985 
0.007029450975639316 0.007756635559326142 0.006393164464913344 
0.007271845836868259 0.0061204702460307845 0.005878075384801842 
0.0066961580414495216 0.006968852260332081 0.006241667676645255 
0.006968852260332081 0.006756756756756757 0.006635559326142286 
0.0069991516179856985 0.00739304326748273 0.0071506484062537875 
0.006665858683795904 0.006817355472063992 0.00739304326748273 
0.006271967034298873 0.007332444552175494 0.006756756756756757 
0.005878075384801842 0.006817355472063992 0.006605259968488668 
0.0061204702460307845 0.006635559326142286 0.00630226639195249 
0.005999272815416313 0.006726457399103139 0.00684765482971761 
0.007029450975639316 0.0075748394134044356 0.007211247121561023 
0.0071506484062537875 0.007090049690946552 0.006877954187371227 
0.006726457399103139 0.00684765482971761 0.007544540055750818 
0.006726457399103139 0.007332444552175494 0.007332444552175494 
0.006332565749606108 0.0061204702460307845 0.007059750333292934 
0.006181068961338019 0.006817355472063992 0.008302023997091262 
0.005575081808265664 0.006756756756756757 0.0075748394134044356 
0.006665858683795904 0.0071506484062537875 0.007271845836868259 
0.005726578596533753 0.006453763180220579 0.007180947763907405 
0.0056356805235729 0.006362865107259726 0.006938552902678463 
0.006787056114410375 0.00684765482971761 0.008392922070052116 
0.005968973457762696 0.006181068961338019 0.007453641982789964 
0.006635559326142286 0.006514361895527815 0.008271724639437645 
0.005756877954187371 0.0064234638225669615 0.007938431705247849 
0.0056356805235729 0.006665858683795904 0.00778693491697976 
0.0066961580414495216 0.007453641982789964 0.008029329778208702 
0.006241667676645255 0.00684765482971761 0.008544418858320203 
0.006908253545024845 0.007302145194521876 0.008423221427705732 
0.005726578596533753 0.0061204702460307845 0.008089928493515938 
0.005726578596533753 0.0069991516179856985 0.008514119500666585 
0.005787177311840989 0.006908253545024845 0.007938431705247849 
0.005393285662343959 0.00657496061083505 0.007605138771058053 
0.00590837474245546 0.0061204702460307845 0.008029329778208702 
0.006150769603684402 0.007090049690946552 0.008150527208823173 
0.006211368318991637 0.006544661253181433 0.00778693491697976 
0.006908253545024845 0.006908253545024845 0.007332444552175494 
0.005484183735304812 0.0066961580414495216 0.007180947763907405 
0.006332565749606108 0.006181068961338019 0.007696036844018907 
0.005878075384801842 0.0058477760271482245 0.007453641982789964 
0.005999272815416313 0.006362865107259726 0.007453641982789964 
0.006726457399103139 0.005968973457762696 0.0075748394134044356 
0.0058477760271482245 0.006484062537874197 0.008362622712398498 
0.006241667676645255 0.006484062537874197 0.007332444552175494 
0.006029572173069931 0.0058477760271482245 0.006787056114410375 
0.006332565749606108 0.006484062537874197 0.006544661253181433 
0.00657496061083505 0.0066961580414495216 0.007241546479214641 
0.006877954187371227 0.006453763180220579 0.006514361895527815 
0.006029572173069931 0.0066961580414495216 0.00590837474245546 
0.006150769603684402 0.0056356805235729 0.006635559326142286 
0.006787056114410375 0.0064234638225669615 0.005878075384801842 
0.00590837474245546 0.006059871530723549 0.0061204702460307845 
0.006029572173069931 0.0056356805235729 0.005665979881226518 
0.005878075384801842 0.006181068961338019 0.006605259968488668 
0.006150769603684402 0.005968973457762696 0.005575081808265664 
0.005544782450612047 0.005756877954187371 0.006090170888377167 
0.005999272815416313 0.006029572173069931 0.006271967034298873 
0.006453763180220579 0.0064234638225669615 0.005938674100109078 
0.005878075384801842 0.006090170888377167 0.005787177311840989 
0.005423585019997576 0.0056962792388801356 0.0061204702460307845 
0.006029572173069931 0.005787177311840989 0.005332686947036723 
0.0061204702460307845 0.006787056114410375 0.0064234638225669615 
0.005544782450612047 0.005484183735304812 0.004847897224578839 
0.005817476669494607 0.005362986304690341 0.004514604290389044 
0.006817355472063992 0.005665979881226518 0.004120712640892013 
0.005605381165919282 0.004484304932735426 0.0048175978669252216 
0.006181068961338019 0.005878075384801842 0.00402981456793116 
0.005968973457762696 0.00630226639195249 0.00442370621742819 
0.006453763180220579 0.004787298509271604 0.0036359229184341293 
0.00630226639195249 0.004878196582232456 0.003878317779663071 
0.006362865107259726 0.004847897224578839 0.0037874197067022178 
0.005211489516422252 0.004332808144467337 0.0030299357653617745 
0.005544782450612047 0.004878196582232456 0.0032723306265907163 
0.005665979881226518 0.0048175978669252216 0.00281784026178645 
0.005605381165919282 0.003878317779663071 0.0023330505393285663 
0.005211489516422252 0.00402981456793116 0.002454247969943037 
0.00590837474245546 0.0033632286995515697 0.002242152466367713 
0.004575203005696279 0.003423827414858805 0.0020906556780996245 
0.004666101078657133 0.0032117319112834808 0.002393649254635802 
0.004605502363349897 0.003151133195976245 0.002242152466367713 
0.004908495939886074 0.0026360441158647437 0.0021815537510604774 
0.003999515210277542 0.0026663434735183615 0.0019088595321779178 
0.004241910071506484 0.002120955035753242 0.0021815537510604774 
0.00442370621742819 0.001999757605138771 0.0023330505393285663 
0.0033632286995515697 0.0018482608168706824 0.0017270633862562113 
0.003666222276087747 0.0019694582474851534 0.001999757605138771 
0.0030602351230153923 0.002242152466367713 0.001666464670948976 
0.0029996364077081567 0.0017876621015634469 0.0017270633862562113 
0.0025148466852502726 0.0015149678826808872 0.0015452672403345048 
0.0029996364077081567 0.0021512543934068596 0.001393770452066416 
0.0032117319112834808 0.0017876621015634469 0.0011210762331838565 
0.0029087383347473033 0.001666464670948976 0.0010907768755302387 
0.0023330505393285663 0.0016967640286025937 0.0013331717367591808 
0.0025148466852502726 0.0012422736637983274 0.0010907768755302387 
0.0026663434735183615 0.001181674948491092 0.0010907768755302387 
0.0029087383347473033 0.0014240698097200339 7.574839413404436E-4 
0.0018482608168706824 0.001181674948491092 6.362865107259726E-4 
0.002242152466367713 0.0013331717367591808 0.0011513755908374743 
0.0024239486122894197 0.0011513755908374743 0.0011210762331838565 
0.002120955035753242 0.0010301781602230034 8.483820143012969E-4 
0.0018785601745243 0.001181674948491092 8.180826566476791E-4 
0.0018179614592170646 7.877832989940613E-4 0.0011513755908374743 
0.002454247969943037 0.0011210762331838565 6.665858683795904E-4 
0.0018785601745243 0.0012119743061447098 9.3928008726215E-4 
0.0017876621015634469 8.483820143012969E-4 5.453884377651194E-4 
0.001757362743909829 6.665858683795904E-4 7.574839413404436E-4 
0.0014846685250272695 8.786813719549145E-4 5.150890801115017E-4 
0.0016967640286025937 9.695794449157678E-4 6.362865107259726E-4 
0.0012422736637983274 7.574839413404436E-4 4.5449036480426616E-4 
0.001666464670948976 4.5449036480426616E-4 4.2419100715064843E-4 
0.001302872379105563 8.180826566476791E-4 5.150890801115017E-4 
0.0014846685250272695 5.756877954187371E-4 4.2419100715064843E-4 
0.0014240698097200339 7.271845836868258E-4 4.847897224578839E-4 
0.001757362743909829 4.847897224578839E-4 3.635922918434129E-4 
0.001666464670948976 4.847897224578839E-4 4.5449036480426616E-4 
0.0011513755908374743 6.96885226033208E-4 2.4239486122894195E-4 
0.0014543691673736517 4.847897224578839E-4 4.2419100715064843E-4 
0.0016967640286025937 4.5449036480426616E-4 2.1209550357532422E-4 
0.0015149678826808872 5.756877954187371E-4 3.635922918434129E-4 
0.0010907768755302387 3.9389164949703065E-4 5.150890801115017E-4 
0.0015755665979881226 3.0299357653617746E-4 2.4239486122894195E-4 
0.0013634710944127985 3.0299357653617746E-4 2.4239486122894195E-4 
9.998788025693856E-4 4.847897224578839E-4 3.9389164949703065E-4 
0.0012119743061447098 6.059871530723549E-4 3.332929341897952E-4 
0.0011210762331838565 6.665858683795904E-4 4.847897224578839E-4 
0.0012725730214519452 6.665858683795904E-4 2.726942188825597E-4 
9.695794449157678E-4 6.96885226033208E-4 2.1209550357532422E-4 
9.089807296085323E-4 0.0012422736637983274 3.0299357653617746E-4 
0.001302872379105563 5.756877954187371E-4 2.726942188825597E-4 
0.001181674948491092 6.059871530723549E-4 3.635922918434129E-4 
9.089807296085323E-4 6.96885226033208E-4 4.5449036480426616E-4 
0.0010301781602230034 6.362865107259726E-4 2.726942188825597E-4 
0.001302872379105563 0.0010301781602230034 2.4239486122894195E-4 
9.998788025693856E-4 7.271845836868258E-4 9.089807296085323E-5 
0.001181674948491092 6.96885226033208E-4 3.0299357653617746E-4 
0.0011513755908374743 6.362865107259726E-4 2.1209550357532422E-4 
0.0012725730214519452 8.483820143012969E-4 2.1209550357532422E-4 
9.998788025693856E-4 4.847897224578839E-4 2.726942188825597E-4 
8.483820143012969E-4 6.665858683795904E-4 6.0598715307235486E-5 
0.001181674948491092 7.877832989940613E-4 2.726942188825597E-4 
0.0012119743061447098 5.453884377651194E-4 3.0299357653617746E-4 
0.0013331717367591808 7.271845836868258E-4 3.0299357653617746E-4 
0.001302872379105563 4.5449036480426616E-4 2.4239486122894195E-4 
0.0016058659556417404 0.0010907768755302387 9.089807296085323E-5 
0.001302872379105563 7.877832989940613E-4 6.0598715307235486E-5 
0.0012422736637983274 8.180826566476791E-4 3.0299357653617746E-4 
0.0014543691673736517 6.059871530723549E-4 1.8179614592170646E-4 
0.0018482608168706824 6.665858683795904E-4 3.0299357653617746E-4 
0.0016361653132953582 4.2419100715064843E-4 3.0299357653617746E-4 
0.0015755665979881226 9.3928008726215E-4 1.8179614592170646E-4 
0.0013634710944127985 7.877832989940613E-4 2.1209550357532422E-4 
0.0015755665979881226 9.695794449157678E-4 2.1209550357532422E-4 
0.0019088595321779178 9.998788025693856E-4 2.4239486122894195E-4 
0.0021512543934068596 0.0011210762331838565 3.0299357653617743E-5 
0.0028481396194400678 0.0011513755908374743 3.0299357653617746E-4 
0.003151133195976245 8.483820143012969E-4 1.8179614592170646E-4 
0.002605744758211126 8.786813719549145E-4 1.8179614592170646E-4 
0.0022724518240213308 0.0010301781602230034 1.8179614592170646E-4 
0.0021815537510604774 0.0011210762331838565 2.726942188825597E-4 
0.00281784026178645 6.362865107259726E-4 2.4239486122894195E-4 
0.0032420312689370985 0.0011513755908374743 2.1209550357532422E-4 
0.0032723306265907163 0.0010301781602230034 3.635922918434129E-4 
0.0030299357653617745 0.0011513755908374743 1.2119743061447097E-4 
0.0027572415464792144 9.089807296085323E-4 2.1209550357532422E-4 
0.0038177190643558356 0.0012119743061447098 4.5449036480426616E-4 
0.004151011998545631 0.0012119743061447098 5.150890801115017E-4 
0.003878317779663071 0.001060477517876621 6.362865107259726E-4 
0.004726699793964368 0.0011513755908374743 6.96885226033208E-4 
0.0031208338383226274 0.0019391588898315356 9.998788025693856E-4 
0.004060113925584778 0.0022724518240213308 0.0015452672403345048 
0.005362986304690341 0.003332929341897952 0.0013331717367591808 
0.005726578596533753 0.004241910071506484 0.0019391588898315356 
0.005362986304690341 0.004999394012846927 0.001757362743909829 
0.005938674100109078 0.004181311356199249 0.0024239486122894197 
0.006029572173069931 0.003726820991394982 0.002393649254635802 
0.004787298509271604 0.004575203005696279 0.002484547327596655 
0.004211610713852866 0.005575081808265664 0.0025451460429038904 
0.0023027511816749485 0.0042722094291601015 0.003181432553629863 
0.0037874197067022178 0.005211489516422252 0.004332808144467337 
0.0025451460429038904 0.007211247121561023 0.004847897224578839 
0.0026360441158647437 0.010301781602230033 0.005726578596533753 
0.0019088595321779178 0.011877348200218156 0.006453763180220579 
0.003302629984244334 0.01021088352926918 0.0066961580414495216 
0.0028481396194400678 0.00954429766088959 0.007029450975639316 
0.004211610713852866 0.009877590595079384 0.009816991879772148 
0.003878317779663071 0.010422979032844504 0.01275602957217307 
0.0017270633862562113 0.011331959762453036 0.01654344927887529 
0.002211853108714095 0.011422857835413889 0.014422494243122046 
0.004393406859774573 0.010968367470609624 0.017210035147254877 
0.003332929341897952 0.007665737486365289 0.015513271118652285 
0.0019391588898315356 0.0051205914434613985 0.015210277542116107 
0.0021815537510604774 0.003696521633741365 0.012301539207368805 
9.3928008726215E-4 0.0019694582474851534 0.008423221427705732 
9.998788025693856E-4 0.0013634710944127985 0.005878075384801842 
3.332929341897952E-4 0.001060477517876621 0.004454005575081808 
4.847897224578839E-4 6.96885226033208E-4 0.001757362743909829 
3.332929341897952E-4 9.998788025693856E-4 0.0011513755908374743 
5.453884377651194E-4 3.9389164949703065E-4 9.695794449157678E-4 
3.0299357653617746E-4 5.453884377651194E-4 7.877832989940613E-4 
1.2119743061447097E-4 4.2419100715064843E-4 6.96885226033208E-4 
3.0299357653617746E-4 4.5449036480426616E-4 4.5449036480426616E-4 
3.0299357653617746E-4 5.453884377651194E-4 5.453884377651194E-4 
2.1209550357532422E-4 3.635922918434129E-4 5.150890801115017E-4 
0.0 3.0299357653617746E-4 5.756877954187371E-4 
1.2119743061447097E-4 1.8179614592170646E-4 5.756877954187371E-4 
6.0598715307235486E-5 1.5149678826808873E-4 2.726942188825597E-4 
1.2119743061447097E-4 6.0598715307235486E-5 3.635922918434129E-4 
6.0598715307235486E-5 1.5149678826808873E-4 5.453884377651194E-4 
9.089807296085323E-5 3.0299357653617743E-5 2.1209550357532422E-4 
0.0 1.2119743061447097E-4 1.5149678826808873E-4 
0.0 3.0299357653617743E-5 1.8179614592170646E-4 
0.0 6.0598715307235486E-5 1.2119743061447097E-4 
3.0299357653617743E-5 6.0598715307235486E-5 2.1209550357532422E-4 
3.0299357653617743E-5 3.0299357653617743E-5 1.8179614592170646E-4 
3.0299357653617743E-5 3.0299357653617743E-5 9.089807296085323E-5 
3.0299357653617743E-5 0.0 1.2119743061447097E-4 
0.0 0.0 0.0 
0.0 0.0 6.0598715307235486E-5 
0.0 0.0 3.0299357653617743E-5 
0.0 3.0299357653617743E-5 6.0598715307235486E-5 
