0.0045449036480426615 0.008211125924130409 0.0018179614592170646 
0.0012119743061447098 0.0020906556780996245 6.665858683795904E-4 
0.0016058659556417404 0.002120955035753242 9.089807296085323E-4 
0.0015755665979881226 0.003696521633741365 6.665858683795904E-4 
0.002030056962792389 0.004605502363349897 0.0013634710944127985 
0.002605744758211126 0.004666101078657133 0.002242152466367713 
0.003332929341897952 0.004666101078657133 0.0019391588898315356 
0.0038480184220094533 0.005150890801115016 0.00281784026178645 
0.0036056235607805115 0.004181311356199249 0.002393649254635802 
0.003878317779663071 0.004090413283238396 0.002393649254635802 
0.004756999151617986 0.004241910071506484 0.0025148466852502726 
0.0042722094291601015 0.0030905344806690096 0.0019088595321779178 
0.005362986304690341 0.003696521633741365 0.0032723306265907163 
0.005453884377651194 0.004060113925584778 0.0023027511816749485 
0.006332565749606108 0.0042722094291601015 0.0032117319112834808 
0.0061204702460307845 0.0038177190643558356 0.0023027511816749485 
0.006726457399103139 0.004120712640892013 0.002393649254635802 
0.006635559326142286 0.0032723306265907163 0.002211853108714095 
0.006484062537874197 0.0037571203490486 0.0021512543934068596 
0.0074233426251363475 0.003938916494970307 0.0021815537510604774 
0.006756756756756757 0.00402981456793116 0.002242152466367713 
0.006544661253181433 0.0036359229184341293 0.0019391588898315356 
0.006241667676645255 0.003181432553629863 0.0017876621015634469 
0.005453884377651194 0.0033632286995515697 0.0016361653132953582 
0.005544782450612047 0.0039692158526239245 0.0016361653132953582 
0.004666101078657133 0.003181432553629863 0.0015452672403345048 
0.003878317779663071 0.0032117319112834808 0.0018482608168706824 
0.003666222276087747 0.0034844261301660404 0.002120955035753242 
0.003151133195976245 0.003696521633741365 0.0016967640286025937 
0.003545024845473276 0.003151133195976245 0.0015149678826808872 
0.002939037692400921 0.0033935280572051875 0.0019694582474851534 
0.003302629984244334 0.0037874197067022178 0.001999757605138771 
0.00281784026178645 0.0033632286995515697 0.002030056962792389 
0.0030602351230153923 0.003302629984244334 0.0019391588898315356 
0.003302629984244334 0.003332929341897952 0.0017876621015634469 
0.0034844261301660404 0.0038177190643558356 0.001999757605138771 
0.003302629984244334 0.0035753242031268937 0.002454247969943037 
0.0037571203490486 0.0035753242031268937 0.0030299357653617745 
0.0035753242031268937 0.0035753242031268937 0.002363349896982184 
0.0033935280572051875 0.0033935280572051875 0.0027572415464792144 
0.003514725487819658 0.0038480184220094533 0.0026966428311719793 
0.00442370621742819 0.003423827414858805 0.002575445400557508 
0.003181432553629863 0.0034541267725124226 0.0025451460429038904 
0.0035753242031268937 0.004120712640892013 0.003423827414858805 
0.0027572415464792144 0.004090413283238396 0.0031208338383226274 
0.0034541267725124226 0.003151133195976245 0.003332929341897952 
0.002939037692400921 0.0036056235607805115 0.003151133195976245 
0.0034844261301660404 0.0032420312689370985 0.002939037692400921 
0.0036359229184341293 0.0033935280572051875 0.0029087383347473033 
0.002969337050054539 0.003666222276087747 0.0031208338383226274 
0.0035753242031268937 0.0033935280572051875 0.0033632286995515697 
0.0037571203490486 0.0042722094291601015 0.002939037692400921 
0.003999515210277542 0.0032723306265907163 0.0038480184220094533 
0.003999515210277542 0.004151011998545631 0.003181432553629863 
0.0033935280572051875 0.004120712640892013 0.0032420312689370985 
0.004635801721003515 0.0038480184220094533 0.003302629984244334 
0.0042722094291601015 0.0036056235607805115 0.003332929341897952 
0.004787298509271604 0.003696521633741365 0.003878317779663071 
0.0033632286995515697 0.0033935280572051875 0.0037874197067022178 
0.003696521633741365 0.003726820991394982 0.003878317779663071 
0.003545024845473276 0.003666222276087747 0.003696521633741365 
0.003938916494970307 0.0032420312689370985 0.004090413283238396 
0.004090413283238396 0.003908617137316689 0.003999515210277542 
0.004241910071506484 0.0034541267725124226 0.004332808144467337 
0.004908495939886074 0.0037874197067022178 0.0039692158526239245 
0.00630226639195249 0.003908617137316689 0.003878317779663071 
0.004666101078657133 0.003696521633741365 0.0034541267725124226 
0.004454005575081808 0.0039692158526239245 0.004302508786813719 
0.005484183735304812 0.00402981456793116 0.004363107502120955 
0.006393164464913344 0.004151011998545631 0.003908617137316689 
0.005484183735304812 0.003938916494970307 0.004575203005696279 
0.006029572173069931 0.0032723306265907163 0.004151011998545631 
0.009726093806811295 0.0036056235607805115 0.0038177190643558356 
0.00857471821597382 0.003151133195976245 0.003726820991394982 
0.012150042419100716 0.0032117319112834808 0.0036359229184341293 
0.01824021330747788 0.003302629984244334 0.004938795297539692 
0.021845836868258393 0.0034541267725124226 0.004120712640892013 
0.018361410738092353 0.0028784389770936856 0.0038177190643558356 
0.014392194885468428 0.003332929341897952 0.00402981456793116 
0.017361531935522968 0.0037874197067022178 0.004302508786813719 
0.016573748636528905 0.003514725487819658 0.0039692158526239245 
0.019391588898315357 0.0032117319112834808 0.0039692158526239245 
0.017240334504908496 0.0030905344806690096 0.0039692158526239245 
0.022391225306023513 0.0033632286995515697 0.003514725487819658 
0.021391346503454128 0.0037571203490486 0.003938916494970307 
0.021391346503454128 0.0035753242031268937 0.0032117319112834808 
0.01999757605138771 0.003908617137316689 0.003999515210277542 
0.016997939643679554 0.004211610713852866 0.004060113925584778 
0.014876984607926313 0.00524178887407587 0.0038177190643558356 
0.0112713610471458 0.004211610713852866 0.0038480184220094533 
0.01233183856502242 0.004454005575081808 0.003545024845473276 
0.011634953338989213 0.0042722094291601015 0.004060113925584778 
0.010513877105805357 0.004999394012846927 0.0036056235607805115 
0.012725730214519452 0.00496909465519331 0.0038480184220094533 
0.011150163616531329 0.005150890801115016 0.003514725487819658 
0.010816870682341535 0.005090292085807781 0.003332929341897952 
0.011968246273179009 0.005605381165919282 0.003545024845473276 
0.012362137922676038 0.004878196582232456 0.0026966428311719793 
0.007877832989940613 0.00469640043631075 0.002787540904132832 
0.009665495091504061 0.005514483092958429 0.0032723306265907163 
0.012301539207368805 0.006332565749606108 0.0030299357653617745 
0.012634832141558599 0.0075142406980972 0.002969337050054539 
0.010907768755302388 0.007605138771058053 0.002939037692400921 
0.01154405526602836 0.011907647557871773 0.002393649254635802 
0.010968367470609624 0.013180220579323719 0.00281784026178645 
0.012210641134407951 0.014180099381893104 0.0027572415464792144 
0.009847291237425766 0.014028602593625015 0.0030299357653617745 
0.00833232335474488 0.017664525512059145 0.002726942188825597 
0.0075748394134044356 0.01611925827172464 0.0025451460429038904 
0.007362743909829112 0.012574233426251363 0.002605744758211126 
0.008150527208823173 0.0150284813961944 0.002393649254635802 
0.007332444552175494 0.017967519088595323 0.0026360441158647437 
0.0056356805235729 0.016755544782450612 0.002575445400557508 
0.004605502363349897 0.014695188462004606 0.0027572415464792144 
0.004151011998545631 0.018452308811053204 0.002363349896982184 
0.003302629984244334 0.01666464670948976 0.0026360441158647437 
0.0026663434735183615 0.016482850563568054 0.002726942188825597 
0.003302629984244334 0.016573748636528905 0.002393649254635802 
0.002969337050054539 0.015604169191613138 0.0026663434735183615 
0.002726942188825597 0.013059023148709248 0.002363349896982184 
0.0026966428311719793 0.011059265543570476 0.002605744758211126 
0.0022724518240213308 0.012453035995636892 0.002939037692400921 
0.002393649254635802 0.01557386983395952 0.00281784026178645 
0.0023027511816749485 0.016301054417646347 0.003423827414858805 
0.002211853108714095 0.020300569627923887 0.0026663434735183615 
0.0018785601745243 0.011998545630832627 0.0028784389770936856 
0.002454247969943037 0.013392316082899043 0.002939037692400921 
0.002363349896982184 0.015392073688037813 0.003181432553629863 
0.0024239486122894197 0.01678584414010423 0.003696521633741365 
0.0016967640286025937 0.017300933220215732 0.0038480184220094533 
0.001302872379105563 0.013180220579323719 0.004090413283238396 
0.0017270633862562113 0.011695552054296449 0.00402981456793116 
0.0016967640286025937 0.009816991879772148 0.0038480184220094533 
0.0016058659556417404 0.007756635559326142 0.004393406859774573 
0.0019088595321779178 0.007362743909829112 0.004090413283238396 
0.0014240698097200339 0.007483941340443582 0.004393406859774573 
0.0015755665979881226 0.005362986304690341 0.004605502363349897 
0.001181674948491092 0.003908617137316689 0.00524178887407587 
0.0015149678826808872 0.003302629984244334 0.004363107502120955 
0.001181674948491092 0.0032117319112834808 0.004666101078657133 
0.001302872379105563 0.002939037692400921 0.004090413283238396 
0.0014240698097200339 0.0025148466852502726 0.004635801721003515 
0.0014846685250272695 0.0022724518240213308 0.005150890801115016 
0.0015149678826808872 0.0026966428311719793 0.00496909465519331 
0.0018179614592170646 0.0015149678826808872 0.005575081808265664 
0.0016058659556417404 0.001393770452066416 0.005544782450612047 
0.0016058659556417404 0.0020603563204460067 0.006787056114410375 
0.0013634710944127985 0.0020603563204460067 0.006908253545024845 
0.0013634710944127985 0.0014846685250272695 0.006211368318991637 
0.0014543691673736517 0.0015452672403345048 0.007332444552175494 
0.0015755665979881226 0.0016967640286025937 0.01005938674100109 
0.001302872379105563 0.0014846685250272695 0.01005938674100109 
0.0015452672403345048 0.0014846685250272695 0.012180341776754334 
0.0012422736637983274 0.0016967640286025937 0.009453399587928736 
0.0014846685250272695 0.0017876621015634469 0.015058780753848018 
0.0013634710944127985 0.0016058659556417404 0.013846806447703308 
0.0014543691673736517 0.0014543691673736517 0.0131499212216701 
0.0014240698097200339 0.0016361653132953582 0.015482971760998667 
0.0013331717367591808 0.0016361653132953582 0.01381650709004969 
0.0011513755908374743 0.0013331717367591808 0.016573748636528905 
0.0011513755908374743 0.001393770452066416 0.0131499212216701 
0.0011513755908374743 0.0014240698097200339 0.019270391467700886 
0.0013331717367591808 0.0011210762331838565 0.016301054417646347 
9.3928008726215E-4 0.0014543691673736517 0.01772512422736638 
7.877832989940613E-4 0.001393770452066416 0.018725003029935766 
0.0014543691673736517 0.0013331717367591808 0.016028360198763785 
0.001302872379105563 8.786813719549145E-4 0.017391831293176584 
0.0013331717367591808 9.089807296085323E-4 0.01948248697127621 
0.0010301781602230034 0.001060477517876621 0.02763301418009938 
0.001060477517876621 0.0012725730214519452 0.028451096836747063 
0.0010301781602230034 0.0013331717367591808 0.021118652284571566 
9.089807296085323E-4 0.0010907768755302387 0.016361653132953582 
9.3928008726215E-4 9.695794449157678E-4 0.012180341776754334 
9.3928008726215E-4 0.001060477517876621 0.011604653981335596 
0.001302872379105563 0.0010301781602230034 0.009756393164464913 
9.695794449157678E-4 9.695794449157678E-4 0.009362501514967883 
8.180826566476791E-4 0.001181674948491092 0.008089928493515938 
8.786813719549145E-4 0.001060477517876621 0.008423221427705732 
0.0011513755908374743 0.001181674948491092 0.009574597018543208 
0.0013634710944127985 8.483820143012969E-4 0.00872621500424191 
0.0010907768755302387 0.0011513755908374743 0.005756877954187371 
7.271845836868258E-4 0.001060477517876621 0.0038480184220094533 
6.362865107259726E-4 8.483820143012969E-4 0.0026966428311719793 
0.0011210762331838565 8.180826566476791E-4 0.001999757605138771 
8.180826566476791E-4 7.271845836868258E-4 0.0019088595321779178 
0.0011210762331838565 9.3928008726215E-4 0.0014240698097200339 
0.0011513755908374743 0.0010301781602230034 0.0016967640286025937 
5.150890801115017E-4 0.0012119743061447098 0.0016361653132953582 
8.786813719549145E-4 5.756877954187371E-4 0.0013331717367591808 
7.271845836868258E-4 7.271845836868258E-4 0.0012119743061447098 
0.0011513755908374743 0.001060477517876621 0.0012422736637983274 
8.483820143012969E-4 9.3928008726215E-4 0.001666464670948976 
8.180826566476791E-4 0.0010301781602230034 8.180826566476791E-4 
7.574839413404436E-4 8.180826566476791E-4 0.001181674948491092 
6.059871530723549E-4 8.483820143012969E-4 0.0012725730214519452 
7.271845836868258E-4 8.483820143012969E-4 0.001393770452066416 
6.059871530723549E-4 8.483820143012969E-4 0.0011513755908374743 
9.3928008726215E-4 8.483820143012969E-4 0.001060477517876621 
0.0011513755908374743 0.001060477517876621 9.695794449157678E-4 
8.483820143012969E-4 0.001181674948491092 0.0013331717367591808 
6.96885226033208E-4 9.3928008726215E-4 0.0012422736637983274 
8.180826566476791E-4 7.877832989940613E-4 7.877832989940613E-4 
7.877832989940613E-4 5.150890801115017E-4 6.665858683795904E-4 
9.998788025693856E-4 6.059871530723549E-4 0.0011210762331838565 
9.089807296085323E-4 9.089807296085323E-4 0.0010301781602230034 
7.271845836868258E-4 6.665858683795904E-4 9.695794449157678E-4 
5.453884377651194E-4 9.089807296085323E-4 8.786813719549145E-4 
8.180826566476791E-4 0.0011210762331838565 0.0011210762331838565 
6.665858683795904E-4 7.271845836868258E-4 0.001060477517876621 
6.96885226033208E-4 7.271845836868258E-4 0.0011513755908374743 
6.362865107259726E-4 8.786813719549145E-4 0.001181674948491092 
5.453884377651194E-4 0.001181674948491092 0.001393770452066416 
0.0013634710944127985 8.180826566476791E-4 0.001060477517876621 
0.001060477517876621 9.089807296085323E-4 0.0012119743061447098 
6.665858683795904E-4 9.695794449157678E-4 0.0010301781602230034 
7.574839413404436E-4 8.786813719549145E-4 0.001393770452066416 
0.0010301781602230034 0.0011210762331838565 7.877832989940613E-4 
7.574839413404436E-4 8.786813719549145E-4 9.089807296085323E-4 
7.271845836868258E-4 9.3928008726215E-4 9.089807296085323E-4 
9.3928008726215E-4 9.998788025693856E-4 0.001060477517876621 
6.96885226033208E-4 0.0011513755908374743 9.998788025693856E-4 
9.3928008726215E-4 0.0010907768755302387 9.089807296085323E-4 
8.483820143012969E-4 0.0011210762331838565 7.877832989940613E-4 
6.96885226033208E-4 9.3928008726215E-4 8.180826566476791E-4 
9.3928008726215E-4 8.786813719549145E-4 8.786813719549145E-4 
7.574839413404436E-4 7.271845836868258E-4 5.756877954187371E-4 
7.574839413404436E-4 0.001060477517876621 7.877832989940613E-4 
9.089807296085323E-4 9.089807296085323E-4 8.786813719549145E-4 
7.574839413404436E-4 5.756877954187371E-4 7.271845836868258E-4 
6.665858683795904E-4 7.271845836868258E-4 0.0011210762331838565 
3.635922918434129E-4 4.2419100715064843E-4 6.96885226033208E-4 
4.847897224578839E-4 6.362865107259726E-4 7.877832989940613E-4 
3.9389164949703065E-4 5.756877954187371E-4 7.877832989940613E-4 
5.756877954187371E-4 5.150890801115017E-4 7.574839413404436E-4 
2.726942188825597E-4 3.635922918434129E-4 5.453884377651194E-4 
5.150890801115017E-4 3.332929341897952E-4 6.362865107259726E-4 
5.150890801115017E-4 3.0299357653617746E-4 4.847897224578839E-4 
2.1209550357532422E-4 1.8179614592170646E-4 6.96885226033208E-4 
3.635922918434129E-4 6.0598715307235486E-5 2.1209550357532422E-4 
3.0299357653617746E-4 3.0299357653617746E-4 3.635922918434129E-4 
1.8179614592170646E-4 9.089807296085323E-5 6.362865107259726E-4 
2.726942188825597E-4 1.8179614592170646E-4 3.635922918434129E-4 
9.089807296085323E-5 9.089807296085323E-5 3.0299357653617746E-4 
1.2119743061447097E-4 1.2119743061447097E-4 2.1209550357532422E-4 
3.0299357653617743E-5 1.2119743061447097E-4 2.4239486122894195E-4 
1.5149678826808873E-4 6.0598715307235486E-5 3.9389164949703065E-4 
6.0598715307235486E-5 9.089807296085323E-5 3.0299357653617746E-4 
9.089807296085323E-5 6.0598715307235486E-5 1.2119743061447097E-4 
0.0 0.0 3.9389164949703065E-4 
3.0299357653617743E-5 3.0299357653617743E-5 2.726942188825597E-4 
0.0 0.0 1.2119743061447097E-4 
3.0299357653617743E-5 3.0299357653617743E-5 1.8179614592170646E-4 
3.0299357653617743E-5 3.0299357653617743E-5 6.0598715307235486E-5 
3.0299357653617743E-5 3.0299357653617743E-5 2.1209550357532422E-4 
9.089807296085323E-5 3.0299357653617743E-5 1.2119743061447097E-4 
6.0598715307235486E-5 9.089807296085323E-5 6.059871530723549E-4 
