7.574839413404436E-4 7.271845836868258E-4 7.574839413404436E-4 
3.9389164949703065E-4 4.2419100715064843E-4 9.089807296085323E-5 
2.4239486122894195E-4 1.2119743061447097E-4 2.1209550357532422E-4 
3.9389164949703065E-4 3.332929341897952E-4 1.2119743061447097E-4 
2.726942188825597E-4 4.5449036480426616E-4 3.635922918434129E-4 
6.362865107259726E-4 7.574839413404436E-4 5.453884377651194E-4 
7.574839413404436E-4 8.483820143012969E-4 2.726942188825597E-4 
6.96885226033208E-4 6.059871530723549E-4 7.574839413404436E-4 
0.0011210762331838565 0.0015755665979881226 6.059871530723549E-4 
0.0015452672403345048 0.0015755665979881226 9.089807296085323E-4 
0.0013331717367591808 0.001666464670948976 0.001060477517876621 
0.0012725730214519452 0.0010301781602230034 6.665858683795904E-4 
0.0011513755908374743 0.001393770452066416 8.483820143012969E-4 
0.0015755665979881226 0.0011210762331838565 0.001181674948491092 
0.0014846685250272695 0.001302872379105563 0.0011513755908374743 
0.0014240698097200339 0.0015452672403345048 0.0011210762331838565 
0.0012422736637983274 0.0015755665979881226 0.0012422736637983274 
0.0013331717367591808 0.0012725730214519452 0.0011513755908374743 
0.002030056962792389 0.0014846685250272695 0.0010301781602230034 
0.001757362743909829 0.001181674948491092 6.665858683795904E-4 
0.0014543691673736517 0.0014543691673736517 0.0010907768755302387 
0.0012119743061447098 0.0010907768755302387 8.483820143012969E-4 
0.0015452672403345048 0.0016058659556417404 0.0013634710944127985 
0.0015149678826808872 0.0015452672403345048 0.0013331717367591808 
0.0014846685250272695 0.001302872379105563 0.001302872379105563 
0.001666464670948976 0.0010907768755302387 0.0013634710944127985 
0.0015755665979881226 0.0016058659556417404 0.0015452672403345048 
0.0015452672403345048 0.001181674948491092 0.0015149678826808872 
0.0015755665979881226 0.0010907768755302387 0.0014846685250272695 
0.0015755665979881226 0.0012725730214519452 0.0010301781602230034 
0.0020603563204460067 0.0012422736637983274 0.0010907768755302387 
0.0023330505393285663 0.001181674948491092 0.0018482608168706824 
0.00281784026178645 0.0013331717367591808 0.001666464670948976 
0.003151133195976245 9.089807296085323E-4 0.0010907768755302387 
0.0032420312689370985 0.0013634710944127985 0.001393770452066416 
0.0048175978669252216 0.0015149678826808872 0.0018179614592170646 
0.005575081808265664 0.002211853108714095 0.0015452672403345048 
0.005938674100109078 0.0010907768755302387 0.0012725730214519452 
0.006635559326142286 0.0013634710944127985 0.001393770452066416 
0.006938552902678463 0.0017876621015634469 0.0012725730214519452 
0.0075142406980972 0.0014240698097200339 0.0017876621015634469 
0.007635438128711671 0.0014240698097200339 0.0014240698097200339 
0.007483941340443582 0.0018482608168706824 0.0010907768755302387 
0.008302023997091262 0.002211853108714095 0.0012725730214519452 
0.00884741243485638 0.0024239486122894197 0.001060477517876621 
0.00899890922312447 0.0018482608168706824 0.0013331717367591808 
0.009089807296085323 0.0017270633862562113 0.001060477517876621 
0.010544176463458975 0.002605744758211126 0.001757362743909829 
0.009877590595079384 0.0030905344806690096 0.0015755665979881226 
0.009907889952733001 0.002454247969943037 0.001393770452066416 
0.010271482244576415 0.003514725487819658 0.001302872379105563 
0.011089564901224093 0.002939037692400921 0.0013331717367591808 
0.010816870682341535 0.0036359229184341293 0.001060477517876621 
0.011362259120106653 0.0037571203490486 0.001302872379105563 
0.011574354623681978 0.0030299357653617745 0.0011513755908374743 
0.011574354623681978 0.004363107502120955 0.0014543691673736517 
0.012240940492061569 0.0037571203490486 0.0018482608168706824 
0.012453035995636892 0.00402981456793116 0.0016058659556417404 
0.012543934068597745 0.004332808144467337 0.0020603563204460067 
0.013786207732396073 0.0045449036480426615 0.0019694582474851534 
0.01424069809720034 0.005362986304690341 0.0016967640286025937 
0.01381650709004969 0.005878075384801842 0.001302872379105563 
0.016028360198763785 0.006544661253181433 0.0015755665979881226 
0.014452793600775664 0.006241667676645255 0.0016058659556417404 
0.014543691673736517 0.006241667676645255 0.002120955035753242 
0.014452793600775664 0.006756756756756757 0.0017270633862562113 
0.015210277542116107 0.007090049690946552 0.0021815537510604774 
0.014058901951278633 0.0069991516179856985 0.0017270633862562113 
0.014452793600775664 0.0074233426251363475 0.002030056962792389 
0.014028602593625015 0.008211125924130409 0.002605744758211126 
0.013877105805356926 0.007877832989940613 0.0030299357653617745 
0.01302872379105563 0.008302023997091262 0.0032420312689370985 
0.0131499212216701 0.008544418858320203 0.004060113925584778 
0.012998424433402012 0.009362501514967883 0.003999515210277542 
0.013210519936977336 0.009362501514967883 0.004090413283238396 
0.014876984607926313 0.009695794449157679 0.004151011998545631 
0.013271118652284572 0.009877590595079384 0.004878196582232456 
0.012392437280329656 0.010453278390498122 0.004666101078657133 
0.012846927645133923 0.010938068112956006 0.005453884377651194 
0.012695430856865834 0.01260453278390498 0.005332686947036723 
0.011180462974184947 0.011119864258877711 0.006241667676645255 
0.011574354623681978 0.010544176463458975 0.006726457399103139 
0.011392558477760271 0.010786571324687917 0.006332565749606108 
0.01087746939764877 0.010786571324687917 0.00657496061083505 
0.0112713610471458 0.009907889952733001 0.006544661253181433 
0.010392679675190886 0.010513877105805357 0.008089928493515938 
0.009604896376196825 0.010816870682341535 0.007302145194521876 
0.011574354623681978 0.011210762331838564 0.008241425281784027 
0.010816870682341535 0.010998666828263242 0.009029208580778087 
0.010998666828263242 0.011483456550721124 0.009241304084353412 
0.012150042419100716 0.011150163616531329 0.008483820143012967 
0.009362501514967883 0.011513755908374742 0.009816991879772148 
0.010241182886922797 0.012362137922676038 0.010786571324687917 
0.009968488668040237 0.011725851411950067 0.010422979032844504 
0.010574475821112593 0.01233183856502242 0.009574597018543208 
0.010392679675190886 0.01275602957217307 0.010665373894073446 
0.00978669252211853 0.012968125075748394 0.00954429766088959 
0.01033208095988365 0.012786328929826687 0.010119985456308326 
0.009483698945582354 0.011937946915525391 0.009877590595079384 
0.009483698945582354 0.011604653981335596 0.010544176463458975 
0.00833232335474488 0.010544176463458975 0.009877590595079384 
0.007180947763907405 0.011453157193067507 0.00899890922312447 
0.00739304326748273 0.010695673251727064 0.00872621500424191 
0.006059871530723549 0.011574354623681978 0.009756393164464913 
0.005999272815416313 0.010725972609380682 0.008817113077202763 
0.00684765482971761 0.010301781602230033 0.007817234274633378 
0.006059871530723549 0.011513755908374742 0.007938431705247849 
0.005362986304690341 0.01033208095988365 0.008817113077202763 
0.005362986304690341 0.010968367470609624 0.00857471821597382 
0.004999394012846927 0.009150406011392559 0.007302145194521876 
0.00402981456793116 0.009665495091504061 0.007756635559326142 
0.0037571203490486 0.009423100230275119 0.007211247121561023 
0.004363107502120955 0.009756393164464913 0.00712034904860017 
0.003726820991394982 0.00954429766088959 0.006665858683795904 
0.003726820991394982 0.008877711792509999 0.006271967034298873 
0.003908617137316689 0.009180705369046176 0.007090049690946552 
0.0030602351230153923 0.008605017573627438 0.006332565749606108 
0.0031208338383226274 0.009423100230275119 0.006514361895527815 
0.0034541267725124226 0.008877711792509999 0.007605138771058053 
0.0032723306265907163 0.008968609865470852 0.006484062537874197 
0.002726942188825597 0.008241425281784027 0.007180947763907405 
0.0029996364077081567 0.010029087383347473 0.006938552902678463 
0.0028481396194400678 0.009423100230275119 0.006635559326142286 
0.0026360441158647437 0.009513998303235972 0.006877954187371227 
0.002393649254635802 0.010513877105805357 0.006453763180220579 
0.002393649254635802 0.01048357774815174 0.0064234638225669615 
0.002726942188825597 0.010271482244576415 0.006877954187371227 
0.0026966428311719793 0.01005938674100109 0.006514361895527815 
0.0017270633862562113 0.009150406011392559 0.005938674100109078 
0.0015149678826808872 0.008968609865470852 0.0051205914434613985 
0.0019391588898315356 0.008908011150163616 0.005332686947036723 
0.0023330505393285663 0.008180826566476791 0.0056356805235729 
0.002242152466367713 0.008302023997091262 0.005999272815416313 
0.002030056962792389 0.00845352078535935 0.0061204702460307845 
0.0019391588898315356 0.007302145194521876 0.00590837474245546 
0.001999757605138771 0.007847533632286996 0.005181190158768634 
0.002120955035753242 0.008423221427705732 0.005090292085807781 
0.0018482608168706824 0.007029450975639316 0.004666101078657133 
0.002030056962792389 0.006605259968488668 0.004938795297539692 
0.0017876621015634469 0.00657496061083505 0.005544782450612047 
0.0014846685250272695 0.005484183735304812 0.004302508786813719 
0.001999757605138771 0.005756877954187371 0.004726699793964368 
0.0017270633862562113 0.005181190158768634 0.003696521633741365 
0.001666464670948976 0.005332686947036723 0.00442370621742819 
0.002030056962792389 0.004454005575081808 0.004211610713852866 
0.001999757605138771 0.004393406859774573 0.0038177190643558356 
0.001302872379105563 0.004181311356199249 0.003302629984244334 
0.001393770452066416 0.0033935280572051875 0.00281784026178645 
0.0017270633862562113 0.0033632286995515697 0.00281784026178645 
0.0013634710944127985 0.0028481396194400678 0.003514725487819658 
0.001757362743909829 0.0032723306265907163 0.003302629984244334 
0.001393770452066416 0.002787540904132832 0.003151133195976245 
0.0015149678826808872 0.0025148466852502726 0.0031208338383226274 
0.0012725730214519452 0.002726942188825597 0.0021815537510604774 
0.0014543691673736517 0.0023330505393285663 0.0025451460429038904 
0.0010301781602230034 0.0016967640286025937 0.002454247969943037 
0.0014240698097200339 0.0016967640286025937 0.0030299357653617745 
0.0011513755908374743 0.0015452672403345048 0.0026663434735183615 
0.001060477517876621 0.0019391588898315356 0.0025451460429038904 
0.0010907768755302387 0.0014543691673736517 0.002575445400557508 
8.786813719549145E-4 0.0013331717367591808 0.002605744758211126 
0.0010301781602230034 0.001302872379105563 0.0026663434735183615 
8.483820143012969E-4 0.0015452672403345048 0.00281784026178645 
0.0013331717367591808 0.0013331717367591808 0.002454247969943037 
7.877832989940613E-4 0.0014240698097200339 0.002787540904132832 
0.001393770452066416 0.0011210762331838565 0.0021815537510604774 
0.0012119743061447098 0.0012725730214519452 0.0028481396194400678 
7.271845836868258E-4 0.0015149678826808872 0.002363349896982184 
0.0012725730214519452 0.001181674948491092 0.0032117319112834808 
8.786813719549145E-4 0.0012119743061447098 0.0023027511816749485 
8.180826566476791E-4 9.998788025693856E-4 0.002969337050054539 
0.0012725730214519452 0.0014240698097200339 0.002939037692400921 
0.0012725730214519452 0.0012422736637983274 0.002969337050054539 
6.059871530723549E-4 0.0010907768755302387 0.002605744758211126 
0.0010907768755302387 0.0012422736637983274 0.0029087383347473033 
8.180826566476791E-4 8.483820143012969E-4 0.0032117319112834808 
0.001060477517876621 6.96885226033208E-4 0.0034844261301660404 
9.998788025693856E-4 0.0011210762331838565 0.003545024845473276 
6.665858683795904E-4 0.0010907768755302387 0.0033632286995515697 
7.271845836868258E-4 7.574839413404436E-4 0.0037874197067022178 
5.756877954187371E-4 9.089807296085323E-4 0.0037874197067022178 
7.271845836868258E-4 0.0010301781602230034 0.004393406859774573 
9.3928008726215E-4 9.695794449157678E-4 0.0042722094291601015 
7.574839413404436E-4 0.0010301781602230034 0.004605502363349897 
9.998788025693856E-4 9.695794449157678E-4 0.003999515210277542 
9.695794449157678E-4 8.180826566476791E-4 0.005150890801115016 
5.756877954187371E-4 0.0011210762331838565 0.004575203005696279 
6.665858683795904E-4 0.0011513755908374743 0.004454005575081808 
7.574839413404436E-4 9.998788025693856E-4 0.004726699793964368 
5.756877954187371E-4 6.96885226033208E-4 0.005484183735304812 
6.362865107259726E-4 9.695794449157678E-4 0.005878075384801842 
7.271845836868258E-4 8.180826566476791E-4 0.006817355472063992 
4.847897224578839E-4 8.483820143012969E-4 0.0061204702460307845 
4.5449036480426616E-4 7.574839413404436E-4 0.006362865107259726 
6.96885226033208E-4 6.96885226033208E-4 0.0066961580414495216 
5.756877954187371E-4 6.665858683795904E-4 0.007483941340443582 
5.756877954187371E-4 5.756877954187371E-4 0.008362622712398498 
3.332929341897952E-4 7.574839413404436E-4 0.008786813719549145 
5.150890801115017E-4 5.756877954187371E-4 0.00954429766088959 
4.5449036480426616E-4 5.150890801115017E-4 0.010453278390498122 
5.453884377651194E-4 8.180826566476791E-4 0.009635195733850443 
6.059871530723549E-4 4.5449036480426616E-4 0.009029208580778087 
6.362865107259726E-4 6.059871530723549E-4 0.011241061689492182 
4.2419100715064843E-4 4.5449036480426616E-4 0.012846927645133923 
5.756877954187371E-4 7.574839413404436E-4 0.013119621864016483 
3.0299357653617746E-4 7.877832989940613E-4 0.013998303235971397 
3.0299357653617746E-4 5.453884377651194E-4 0.01424069809720034 
4.2419100715064843E-4 7.574839413404436E-4 0.016270755059992727 
4.5449036480426616E-4 6.362865107259726E-4 0.014664889104350988 
4.847897224578839E-4 7.877832989940613E-4 0.012119743061447098 
5.150890801115017E-4 3.9389164949703065E-4 0.008695915646588292 
4.847897224578839E-4 3.9389164949703065E-4 0.006484062537874197 
3.9389164949703065E-4 4.5449036480426616E-4 0.004908495939886074 
5.150890801115017E-4 5.756877954187371E-4 0.0034541267725124226 
3.635922918434129E-4 5.453884377651194E-4 0.0025451460429038904 
6.96885226033208E-4 5.756877954187371E-4 0.0016967640286025937 
5.453884377651194E-4 5.756877954187371E-4 0.001060477517876621 
4.5449036480426616E-4 3.0299357653617746E-4 0.001181674948491092 
6.665858683795904E-4 3.0299357653617746E-4 9.089807296085323E-4 
3.332929341897952E-4 5.453884377651194E-4 9.3928008726215E-4 
1.8179614592170646E-4 5.756877954187371E-4 8.180826566476791E-4 
3.9389164949703065E-4 6.059871530723549E-4 7.574839413404436E-4 
3.0299357653617746E-4 4.2419100715064843E-4 6.362865107259726E-4 
5.150890801115017E-4 4.847897224578839E-4 9.3928008726215E-4 
1.8179614592170646E-4 3.635922918434129E-4 7.574839413404436E-4 
3.9389164949703065E-4 3.635922918434129E-4 6.362865107259726E-4 
2.1209550357532422E-4 3.9389164949703065E-4 7.574839413404436E-4 
4.5449036480426616E-4 2.4239486122894195E-4 0.001060477517876621 
2.726942188825597E-4 3.0299357653617746E-4 5.453884377651194E-4 
4.2419100715064843E-4 3.0299357653617746E-4 3.0299357653617746E-4 
3.332929341897952E-4 3.635922918434129E-4 4.5449036480426616E-4 
3.0299357653617746E-4 3.332929341897952E-4 3.635922918434129E-4 
2.1209550357532422E-4 1.8179614592170646E-4 6.059871530723549E-4 
2.4239486122894195E-4 1.2119743061447097E-4 3.635922918434129E-4 
1.2119743061447097E-4 3.332929341897952E-4 3.635922918434129E-4 
3.332929341897952E-4 3.635922918434129E-4 5.756877954187371E-4 
2.726942188825597E-4 2.726942188825597E-4 4.847897224578839E-4 
3.0299357653617746E-4 1.5149678826808873E-4 3.332929341897952E-4 
3.332929341897952E-4 1.8179614592170646E-4 3.0299357653617746E-4 
6.0598715307235486E-5 1.5149678826808873E-4 1.8179614592170646E-4 
2.4239486122894195E-4 9.089807296085323E-5 1.8179614592170646E-4 
1.5149678826808873E-4 2.1209550357532422E-4 4.5449036480426616E-4 
1.8179614592170646E-4 9.089807296085323E-5 1.5149678826808873E-4 
1.8179614592170646E-4 9.089807296085323E-5 1.8179614592170646E-4 
9.089807296085323E-5 6.0598715307235486E-5 2.4239486122894195E-4 
9.089807296085323E-5 3.0299357653617743E-5 2.1209550357532422E-4 
1.2119743061447097E-4 1.2119743061447097E-4 9.089807296085323E-5 
1.2119743061447097E-4 1.2119743061447097E-4 9.089807296085323E-5 
1.5149678826808873E-4 6.0598715307235486E-5 9.089807296085323E-5 
1.2119743061447097E-4 6.0598715307235486E-5 1.5149678826808873E-4 
6.0598715307235486E-5 3.0299357653617743E-5 3.0299357653617743E-5 
3.0299357653617743E-5 0.0 9.089807296085323E-5 
6.0598715307235486E-5 3.0299357653617743E-5 1.2119743061447097E-4 
3.0299357653617743E-5 6.0598715307235486E-5 9.089807296085323E-5 
9.089807296085323E-5 0.0 9.089807296085323E-5 
1.2119743061447097E-4 3.0299357653617743E-5 6.96885226033208E-4 
