0.0017876621015634469 1.8179614592170646E-4 0.0023027511816749485 
6.96885226033208E-4 9.089807296085323E-5 3.635922918434129E-4 
6.665858683795904E-4 1.2119743061447097E-4 6.362865107259726E-4 
0.0011513755908374743 3.332929341897952E-4 5.453884377651194E-4 
0.001181674948491092 2.1209550357532422E-4 7.574839413404436E-4 
0.0016058659556417404 3.9389164949703065E-4 9.695794449157678E-4 
0.0018785601745243 3.0299357653617746E-4 0.0012422736637983274 
0.0021512543934068596 4.2419100715064843E-4 0.0017270633862562113 
0.0026966428311719793 7.877832989940613E-4 0.001757362743909829 
0.00281784026178645 9.089807296085323E-4 0.0019391588898315356 
0.0029087383347473033 0.0015149678826808872 0.0028784389770936856 
0.0030905344806690096 0.0021512543934068596 0.0026966428311719793 
0.0038177190643558356 0.00281784026178645 0.004090413283238396 
0.004908495939886074 0.0033935280572051875 0.005332686947036723 
0.0056962792388801356 0.003726820991394982 0.00590837474245546 
0.005211489516422252 0.003514725487819658 0.006150769603684402 
0.004787298509271604 0.003908617137316689 0.006665858683795904 
0.00524178887407587 0.003938916494970307 0.006211368318991637 
0.004332808144467337 0.003696521633741365 0.005999272815416313 
0.0056356805235729 0.004090413283238396 0.006241667676645255 
0.005999272815416313 0.0037571203490486 0.0048175978669252216 
0.005544782450612047 0.0036056235607805115 0.0045449036480426615 
0.006453763180220579 0.0032723306265907163 0.0051205914434613985 
0.005968973457762696 0.0028481396194400678 0.004938795297539692 
0.0061204702460307845 0.0033632286995515697 0.004938795297539692 
0.005332686947036723 0.003151133195976245 0.004151011998545631 
0.005938674100109078 0.00281784026178645 0.003878317779663071 
0.00657496061083505 0.003181432553629863 0.004241910071506484 
0.006817355472063992 0.0030905344806690096 0.005029693370500545 
0.006211368318991637 0.0030602351230153923 0.004666101078657133 
0.005423585019997576 0.002787540904132832 0.003423827414858805 
0.0064234638225669615 0.002787540904132832 0.004181311356199249 
0.005938674100109078 0.0031208338383226274 0.003696521633741365 
0.005302387589383105 0.002454247969943037 0.0037571203490486 
0.004726699793964368 0.00281784026178645 0.003726820991394982 
0.003908617137316689 0.0025148466852502726 0.003666222276087747 
0.0032117319112834808 0.002969337050054539 0.004332808144467337 
0.002575445400557508 0.0028784389770936856 0.0038480184220094533 
0.0026360441158647437 0.003545024845473276 0.0036056235607805115 
0.002242152466367713 0.0030905344806690096 0.003514725487819658 
0.001999757605138771 0.0028481396194400678 0.004302508786813719 
0.002454247969943037 0.0037571203490486 0.004363107502120955 
0.0021512543934068596 0.0029996364077081567 0.003908617137316689 
0.0025148466852502726 0.0032723306265907163 0.004514604290389044 
0.0021512543934068596 0.0035753242031268937 0.004363107502120955 
0.0020603563204460067 0.0034541267725124226 0.004575203005696279 
0.0020906556780996245 0.0032420312689370985 0.004878196582232456 
0.002363349896982184 0.003726820991394982 0.004726699793964368 
0.002030056962792389 0.0034541267725124226 0.004060113925584778 
0.002454247969943037 0.0037874197067022178 0.0045449036480426615 
0.002211853108714095 0.0035753242031268937 0.004666101078657133 
0.0020906556780996245 0.003514725487819658 0.00524178887407587 
0.0024239486122894197 0.004211610713852866 0.005999272815416313 
0.0017876621015634469 0.004181311356199249 0.004575203005696279 
0.002030056962792389 0.003302629984244334 0.005059992728154163 
0.002030056962792389 0.0033632286995515697 0.0051205914434613985 
0.001393770452066416 0.0029087383347473033 0.006181068961338019 
0.0021512543934068596 0.002605744758211126 0.005968973457762696 
0.001999757605138771 0.002787540904132832 0.005878075384801842 
0.0018482608168706824 0.00281784026178645 0.006059871530723549 
0.0019694582474851534 0.0023027511816749485 0.006332565749606108 
0.0021815537510604774 0.0026360441158647437 0.006665858683795904 
0.001757362743909829 0.002393649254635802 0.006150769603684402 
0.0021512543934068596 0.002242152466367713 0.006756756756756757 
0.0021512543934068596 0.0020603563204460067 0.006968852260332081 
0.0019088595321779178 0.002211853108714095 0.006726457399103139 
0.002484547327596655 0.0023330505393285663 0.006938552902678463 
0.002454247969943037 0.002454247969943037 0.008423221427705732 
0.002363349896982184 0.002120955035753242 0.009513998303235972 
0.0025451460429038904 0.0021512543934068596 0.009847291237425766 
0.002939037692400921 0.0019391588898315356 0.011119864258877711 
0.0023027511816749485 0.0025148466852502726 0.009907889952733001 
0.002030056962792389 0.002454247969943037 0.011756150769603685 
0.002484547327596655 0.002120955035753242 0.012240940492061569 
0.0022724518240213308 0.0021512543934068596 0.013725609017088837 
0.002787540904132832 0.0015452672403345048 0.012846927645133923 
0.0018482608168706824 0.0017876621015634469 0.014452793600775664 
0.0030602351230153923 0.0017270633862562113 0.014604290389043753 
0.0026663434735183615 0.0023027511816749485 0.015634468549266756 
0.0029996364077081567 0.002454247969943037 0.014998182038540782 
0.0025451460429038904 0.0017876621015634469 0.01678584414010423 
0.0026966428311719793 0.0021815537510604774 0.01624045570233911 
0.0036359229184341293 0.002211853108714095 0.015543570476305902 
0.0030299357653617745 0.002726942188825597 0.013089322506362865 
0.003545024845473276 0.001999757605138771 0.013937704520664162 
0.0034844261301660404 0.0025148466852502726 0.01287722700278754 
0.003151133195976245 0.002363349896982184 0.01248333535329051 
0.0037874197067022178 0.0020906556780996245 0.01302872379105563 
0.003545024845473276 0.001999757605138771 0.012725730214519452 
0.003545024845473276 0.002484547327596655 0.010968367470609624 
0.00402981456793116 0.002030056962792389 0.010725972609380682 
0.0033632286995515697 0.002393649254635802 0.009332202157314265 
0.004393406859774573 0.0023330505393285663 0.009877590595079384 
0.004090413283238396 0.0028481396194400678 0.008302023997091262 
0.0042722094291601015 0.0029087383347473033 0.0077263362016725245 
0.004454005575081808 0.002242152466367713 0.00739304326748273 
0.004393406859774573 0.002575445400557508 0.006938552902678463 
0.0048175978669252216 0.0026360441158647437 0.0066961580414495216 
0.00524178887407587 0.002484547327596655 0.005999272815416313 
0.0052720882317294875 0.0029087383347473033 0.005423585019997576 
0.005362986304690341 0.0030299357653617745 0.005453884377651194 
0.005332686947036723 0.0028481396194400678 0.005575081808265664 
0.0056962792388801356 0.0033935280572051875 0.0042722094291601015 
0.006271967034298873 0.0038480184220094533 0.003908617137316689 
0.005665979881226518 0.0029087383347473033 0.0036056235607805115 
0.007362743909829112 0.0033935280572051875 0.003938916494970307 
0.00739304326748273 0.003423827414858805 0.003423827414858805 
0.007332444552175494 0.0029996364077081567 0.004211610713852866 
0.007847533632286996 0.003878317779663071 0.0029996364077081567 
0.00872621500424191 0.0033632286995515697 0.002939037692400921 
0.00927160344200703 0.004484304932735426 0.002969337050054539 
0.009726093806811295 0.003726820991394982 0.002484547327596655 
0.009665495091504061 0.0042722094291601015 0.0024239486122894197 
0.01048357774815174 0.003938916494970307 0.002242152466367713 
0.010574475821112593 0.004211610713852866 0.0019391588898315356 
0.011301660404799418 0.00496909465519331 0.0019391588898315356 
0.01087746939764877 0.005302387589383105 0.001999757605138771 
0.012816628287480305 0.005332686947036723 0.0018785601745243 
0.010907768755302388 0.005423585019997576 0.0015149678826808872 
0.011331959762453036 0.005756877954187371 0.0017270633862562113 
0.012028844988486245 0.005211489516422252 0.0018179614592170646 
0.01369530965943522 0.005605381165919282 0.001757362743909829 
0.012695430856865834 0.006544661253181433 0.0012422736637983274 
0.011907647557871773 0.007302145194521876 0.0013634710944127985 
0.011937946915525391 0.007605138771058053 0.0015149678826808872 
0.011392558477760271 0.0075748394134044356 0.0012422736637983274 
0.011210762331838564 0.008786813719549145 0.0015452672403345048 
0.009756393164464913 0.009604896376196825 0.0013331717367591808 
0.009665495091504061 0.010301781602230033 0.0012422736637983274 
0.0093928008726215 0.01060477517876621 9.695794449157678E-4 
0.010392679675190886 0.011119864258877711 0.0012422736637983274 
0.008908011150163616 0.01181674948491092 0.001181674948491092 
0.0074233426251363475 0.013180220579323719 0.001666464670948976 
0.008514119500666585 0.013180220579323719 8.180826566476791E-4 
0.006968852260332081 0.013725609017088837 9.089807296085323E-4 
0.007332444552175494 0.014270997454853957 9.089807296085323E-4 
0.006908253545024845 0.014210398739546722 7.574839413404436E-4 
0.006090170888377167 0.014755787177311842 0.0010907768755302387 
0.00496909465519331 0.01478608653496546 8.786813719549145E-4 
0.004847897224578839 0.016270755059992727 6.96885226033208E-4 
0.004454005575081808 0.016028360198763785 0.0014543691673736517 
0.004908495939886074 0.015331474972730578 8.786813719549145E-4 
0.004332808144467337 0.014270997454853957 6.362865107259726E-4 
0.00469640043631075 0.014907283965579929 7.271845836868258E-4 
0.0035753242031268937 0.012543934068597745 0.0011210762331838565 
0.003696521633741365 0.012574233426251363 7.877832989940613E-4 
0.0034844261301660404 0.010786571324687917 8.483820143012969E-4 
0.0037874197067022178 0.010362380317537268 9.998788025693856E-4 
0.00402981456793116 0.009241304084353412 9.089807296085323E-4 
0.003181432553629863 0.008483820143012967 8.180826566476791E-4 
0.0026966428311719793 0.008392922070052116 9.998788025693856E-4 
0.0025451460429038904 0.0075748394134044356 8.483820143012969E-4 
0.002969337050054539 0.007453641982789964 9.089807296085323E-4 
0.00281784026178645 0.006332565749606108 6.362865107259726E-4 
0.003181432553629863 0.006393164464913344 8.483820143012969E-4 
0.002969337050054539 0.004999394012846927 7.271845836868258E-4 
0.0028784389770936856 0.005393285662343959 6.96885226033208E-4 
0.002363349896982184 0.004999394012846927 9.089807296085323E-4 
0.002363349896982184 0.003302629984244334 7.271845836868258E-4 
0.002484547327596655 0.0034541267725124226 5.756877954187371E-4 
0.00281784026178645 0.0034844261301660404 6.96885226033208E-4 
0.003938916494970307 0.0032117319112834808 8.483820143012969E-4 
0.0033632286995515697 0.002605744758211126 6.96885226033208E-4 
0.004060113925584778 0.002454247969943037 6.059871530723549E-4 
0.0033935280572051875 0.0026966428311719793 3.635922918434129E-4 
0.0035753242031268937 0.001999757605138771 6.665858683795904E-4 
0.0035753242031268937 0.0017270633862562113 6.059871530723549E-4 
0.0048175978669252216 0.001757362743909829 4.5449036480426616E-4 
0.00524178887407587 0.001181674948491092 5.453884377651194E-4 
0.005665979881226518 0.0018179614592170646 4.2419100715064843E-4 
0.006362865107259726 0.0019694582474851534 4.5449036480426616E-4 
0.007665737486365289 0.0021815537510604774 3.332929341897952E-4 
0.007029450975639316 0.0023027511816749485 6.059871530723549E-4 
0.007908132347594231 0.002363349896982184 3.0299357653617746E-4 
0.007544540055750818 0.002605744758211126 5.756877954187371E-4 
0.008483820143012967 0.0031208338383226274 7.271845836868258E-4 
0.008089928493515938 0.003423827414858805 4.5449036480426616E-4 
0.009483698945582354 0.003938916494970307 6.362865107259726E-4 
0.010968367470609624 0.0030299357653617745 6.059871530723549E-4 
0.01478608653496546 0.003181432553629863 6.96885226033208E-4 
0.011998545630832627 0.002726942188825597 6.96885226033208E-4 
0.010847170039995153 0.003666222276087747 6.96885226033208E-4 
0.00954429766088959 0.0034541267725124226 6.362865107259726E-4 
0.007847533632286996 0.0033935280572051875 7.574839413404436E-4 
0.00712034904860017 0.0039692158526239245 9.089807296085323E-4 
0.007271845836868259 0.003908617137316689 0.0011210762331838565 
0.007847533632286996 0.003666222276087747 0.0014240698097200339 
0.0052720882317294875 0.004393406859774573 0.0016058659556417404 
0.006150769603684402 0.003908617137316689 0.0023330505393285663 
0.004060113925584778 0.004332808144467337 0.0022724518240213308 
0.0034541267725124226 0.004756999151617986 0.0025451460429038904 
0.0035753242031268937 0.004484304932735426 0.0032420312689370985 
0.002969337050054539 0.004090413283238396 0.0033632286995515697 
0.0027572415464792144 0.005575081808265664 0.003666222276087747 
0.0021815537510604774 0.004999394012846927 0.003666222276087747 
0.001393770452066416 0.006938552902678463 0.0035753242031268937 
0.0017270633862562113 0.008150527208823173 0.0032723306265907163 
0.0018179614592170646 0.011180462974184947 0.003151133195976245 
0.001666464670948976 0.011665252696642831 0.004120712640892013 
0.0011210762331838565 0.011756150769603685 0.0039692158526239245 
0.0011210762331838565 0.012180341776754334 0.004060113925584778 
0.0010301781602230034 0.011998545630832627 0.004454005575081808 
6.665858683795904E-4 0.01005938674100109 0.004151011998545631 
8.786813719549145E-4 0.011301660404799418 0.00496909465519331 
8.786813719549145E-4 0.01087746939764877 0.005575081808265664 
7.271845836868258E-4 0.008241425281784027 0.0064234638225669615 
5.150890801115017E-4 0.007817234274633378 0.005423585019997576 
3.9389164949703065E-4 0.005393285662343959 0.006665858683795904 
5.453884377651194E-4 0.005393285662343959 0.00912010665373894 
4.5449036480426616E-4 0.0033935280572051875 0.009968488668040237 
6.059871530723549E-4 0.002242152466367713 0.010180584171615562 
3.635922918434129E-4 0.0022724518240213308 0.011119864258877711 
2.726942188825597E-4 0.0021512543934068596 0.009847291237425766 
3.0299357653617746E-4 0.0014543691673736517 0.012210641134407951 
4.2419100715064843E-4 0.0013634710944127985 0.013271118652284572 
2.1209550357532422E-4 0.001060477517876621 0.01369530965943522 
2.1209550357532422E-4 6.665858683795904E-4 0.009089807296085323 
9.089807296085323E-5 6.059871530723549E-4 0.00712034904860017 
1.2119743061447097E-4 5.453884377651194E-4 0.006817355472063992 
9.089807296085323E-5 5.150890801115017E-4 0.003878317779663071 
3.0299357653617743E-5 4.5449036480426616E-4 0.003514725487819658 
6.0598715307235486E-5 3.635922918434129E-4 0.0020906556780996245 
6.0598715307235486E-5 2.1209550357532422E-4 0.001757362743909829 
3.0299357653617743E-5 6.0598715307235486E-5 0.0012422736637983274 
6.0598715307235486E-5 1.5149678826808873E-4 7.574839413404436E-4 
9.089807296085323E-5 1.2119743061447097E-4 5.453884377651194E-4 
3.0299357653617743E-5 1.2119743061447097E-4 3.9389164949703065E-4 
1.2119743061447097E-4 3.0299357653617743E-5 4.2419100715064843E-4 
1.2119743061447097E-4 3.0299357653617743E-5 1.5149678826808873E-4 
3.0299357653617743E-5 3.0299357653617743E-5 9.089807296085323E-5 
6.0598715307235486E-5 9.089807296085323E-5 9.089807296085323E-5 
0.0 0.0 2.726942188825597E-4 
3.0299357653617743E-5 9.089807296085323E-5 9.089807296085323E-5 
6.0598715307235486E-5 6.0598715307235486E-5 1.2119743061447097E-4 
0.0 0.0 9.089807296085323E-5 
0.0 3.0299357653617743E-5 3.0299357653617743E-5 
0.0 3.0299357653617743E-5 0.0 
0.0 3.0299357653617743E-5 0.0 
0.0 0.0 3.0299357653617743E-5 
0.0 0.0 6.0598715307235486E-5 
0.0 3.0299357653617743E-5 0.0 
0.0 0.0 0.0 
0.0 0.0 0.0 
0.0 0.0 0.0 
0.0 0.0 0.0 
0.0 0.0 0.0 
0.0 3.0299357653617743E-5 0.0 
0.0 0.0 0.0 
0.0 0.0 0.0 
0.0 0.0 0.0 
0.0 0.0 0.0 
0.0 0.0 0.0 
0.0 0.0 0.0 
0.0 0.0 0.0 
0.0 0.0 0.0 
0.0 0.0 0.0 
