0.0 6.0598715307235486E-5 2.4239486122894195E-4 
3.0299357653617743E-5 3.0299357653617743E-5 6.0598715307235486E-5 
0.0 0.0 9.089807296085323E-5 
6.0598715307235486E-5 0.0 9.089807296085323E-5 
3.0299357653617743E-5 3.0299357653617743E-5 6.0598715307235486E-5 
6.0598715307235486E-5 9.089807296085323E-5 2.1209550357532422E-4 
9.089807296085323E-5 1.2119743061447097E-4 9.089807296085323E-5 
3.0299357653617743E-5 2.1209550357532422E-4 9.089807296085323E-5 
9.089807296085323E-5 2.4239486122894195E-4 6.0598715307235486E-5 
1.8179614592170646E-4 1.8179614592170646E-4 2.1209550357532422E-4 
1.2119743061447097E-4 3.0299357653617746E-4 1.8179614592170646E-4 
3.0299357653617746E-4 2.1209550357532422E-4 2.726942188825597E-4 
3.635922918434129E-4 4.847897224578839E-4 2.4239486122894195E-4 
2.1209550357532422E-4 3.9389164949703065E-4 3.635922918434129E-4 
4.847897224578839E-4 8.786813719549145E-4 6.0598715307235486E-5 
8.180826566476791E-4 8.483820143012969E-4 1.8179614592170646E-4 
8.483820143012969E-4 0.001060477517876621 2.1209550357532422E-4 
0.0015149678826808872 0.0012422736637983274 2.1209550357532422E-4 
0.002575445400557508 0.0021512543934068596 2.1209550357532422E-4 
0.004151011998545631 0.0030905344806690096 5.453884377651194E-4 
0.007090049690946552 0.00496909465519331 3.332929341897952E-4 
0.011392558477760271 0.007908132347594231 3.9389164949703065E-4 
0.01463458974669737 0.010725972609380682 3.9389164949703065E-4 
0.01666464670948976 0.014604290389043753 3.9389164949703065E-4 
0.019270391467700886 0.01611925827172464 5.453884377651194E-4 
0.020088474124348565 0.017331232577869348 4.2419100715064843E-4 
0.02120955035753242 0.019633983759544296 3.9389164949703065E-4 
0.019543085686583445 0.021876136225912012 5.756877954187371E-4 
0.01945218761362259 0.021573142649375834 7.574839413404436E-4 
0.01905829596412556 0.021361047145800508 2.4239486122894195E-4 
0.01757362743909829 0.01824021330747788 4.5449036480426616E-4 
0.01702823900133317 0.017240334504908496 6.665858683795904E-4 
0.01705853835898679 0.013604411586474366 9.3928008726215E-4 
0.015816264695188462 0.011422857835413889 7.877832989940613E-4 
0.01566476790692037 0.009211004726699794 9.3928008726215E-4 
0.013513513513513514 0.007847533632286996 8.786813719549145E-4 
0.012665131499212216 0.006362865107259726 7.877832989940613E-4 
0.01408920130893225 0.006181068961338019 9.998788025693856E-4 
0.014755787177311842 0.0061204702460307845 0.0012422736637983274 
0.014301296812507575 0.0061204702460307845 9.695794449157678E-4 
0.011907647557871773 0.006726457399103139 0.0016058659556417404 
0.009907889952733001 0.005938674100109078 0.001757362743909829 
0.008514119500666585 0.007453641982789964 0.0021512543934068596 
0.008120227851169556 0.007605138771058053 0.0022724518240213308 
0.006635559326142286 0.007211247121561023 0.002484547327596655 
0.0064234638225669615 0.008695915646588292 0.0028784389770936856 
0.006362865107259726 0.008605017573627438 0.0033632286995515697 
0.00524178887407587 0.01033208095988365 0.0048175978669252216 
0.005181190158768634 0.011756150769603685 0.005605381165919282 
0.005059992728154163 0.01233183856502242 0.006605259968488668 
0.004999394012846927 0.012210641134407951 0.00978669252211853 
0.005090292085807781 0.011028966185916858 0.011180462974184947 
0.005029693370500545 0.011119864258877711 0.012150042419100716 
0.004454005575081808 0.009695794449157679 0.012574233426251363 
0.004393406859774573 0.007665737486365289 0.013452914798206279 
0.004999394012846927 0.007090049690946552 0.013937704520664162 
0.004393406859774573 0.005817476669494607 0.013786207732396073 
0.004393406859774573 0.006059871530723549 0.015240576899769724 
0.004332808144467337 0.0058477760271482245 0.01624045570233911 
0.0045449036480426615 0.005090292085807781 0.0169070415707187 
0.0051205914434613985 0.004756999151617986 0.017300933220215732 
0.00469640043631075 0.006181068961338019 0.01566476790692037 
0.005059992728154163 0.005726578596533753 0.015452672403345049 
0.0048175978669252216 0.004332808144467337 0.013331717367591808 
0.0045449036480426615 0.005544782450612047 0.009513998303235972 
0.0052720882317294875 0.005362986304690341 0.008362622712398498 
0.005059992728154163 0.004787298509271604 0.007362743909829112 
0.005393285662343959 0.004938795297539692 0.0066961580414495216 
0.0048175978669252216 0.005393285662343959 0.006241667676645255 
0.006150769603684402 0.00524178887407587 0.004302508786813719 
0.005484183735304812 0.004605502363349897 0.0042722094291601015 
0.0058477760271482245 0.0056962792388801356 0.003181432553629863 
0.0056962792388801356 0.0052720882317294875 0.003878317779663071 
0.006271967034298873 0.006938552902678463 0.0038480184220094533 
0.006605259968488668 0.006817355472063992 0.004211610713852866 
0.006605259968488668 0.006090170888377167 0.0039692158526239245 
0.0075142406980972 0.007302145194521876 0.0042722094291601015 
0.007332444552175494 0.005878075384801842 0.004393406859774573 
0.006241667676645255 0.006211368318991637 0.003908617137316689 
0.0069991516179856985 0.006726457399103139 0.0035753242031268937 
0.006393164464913344 0.0071506484062537875 0.004211610713852866 
0.006241667676645255 0.006484062537874197 0.004514604290389044 
0.006484062537874197 0.007665737486365289 0.004302508786813719 
0.006605259968488668 0.007483941340443582 0.005302387589383105 
0.006453763180220579 0.007635438128711671 0.0048175978669252216 
0.005423585019997576 0.007302145194521876 0.0048175978669252216 
0.006241667676645255 0.009332202157314265 0.005575081808265664 
0.006484062537874197 0.010089686098654708 0.004878196582232456 
0.007211247121561023 0.009362501514967883 0.005968973457762696 
0.0056962792388801356 0.008908011150163616 0.006090170888377167 
0.005665979881226518 0.008362622712398498 0.006635559326142286 
0.005756877954187371 0.008241425281784027 0.0061204702460307845 
0.005423585019997576 0.008605017573627438 0.006938552902678463 
0.005514483092958429 0.008180826566476791 0.007362743909829112 
0.005059992728154163 0.00845352078535935 0.007090049690946552 
0.006271967034298873 0.007756635559326142 0.007877832989940613 
0.0056356805235729 0.006877954187371227 0.006908253545024845 
0.004878196582232456 0.008029329778208702 0.007877832989940613 
0.0061204702460307845 0.007271845836868259 0.00684765482971761 
0.0051205914434613985 0.006241667676645255 0.008029329778208702 
0.005453884377651194 0.006090170888377167 0.0093928008726215 
0.00496909465519331 0.005968973457762696 0.009968488668040237 
0.005756877954187371 0.005999272815416313 0.010725972609380682 
0.005302387589383105 0.005787177311840989 0.012362137922676038 
0.005029693370500545 0.0064234638225669615 0.010938068112956006 
0.005544782450612047 0.0056962792388801356 0.010089686098654708 
0.005393285662343959 0.0048175978669252216 0.009180705369046176 
0.0056962792388801356 0.006090170888377167 0.009211004726699794 
0.005090292085807781 0.004787298509271604 0.007635438128711671 
0.005938674100109078 0.005029693370500545 0.008483820143012967 
0.004999394012846927 0.004151011998545631 0.007938431705247849 
0.006665858683795904 0.004605502363349897 0.007605138771058053 
0.006756756756756757 0.004363107502120955 0.007180947763907405 
0.0074233426251363475 0.00469640043631075 0.007241546479214641 
0.0074233426251363475 0.004181311356199249 0.005514483092958429 
0.00805962913586232 0.0035753242031268937 0.006908253545024845 
0.007877832989940613 0.0036359229184341293 0.006635559326142286 
0.008029329778208702 0.00402981456793116 0.0064234638225669615 
0.007696036844018907 0.0032420312689370985 0.005726578596533753 
0.007302145194521876 0.003302629984244334 0.005090292085807781 
0.006484062537874197 0.003999515210277542 0.006181068961338019 
0.00657496061083505 0.0026966428311719793 0.006150769603684402 
0.0069991516179856985 0.003545024845473276 0.006211368318991637 
0.006635559326142286 0.0037874197067022178 0.006817355472063992 
0.0066961580414495216 0.003726820991394982 0.005393285662343959 
0.006090170888377167 0.004484304932735426 0.006635559326142286 
0.005150890801115016 0.004847897224578839 0.005999272815416313 
0.005211489516422252 0.004726699793964368 0.006150769603684402 
0.004332808144467337 0.004454005575081808 0.006271967034298873 
0.005302387589383105 0.004726699793964368 0.006787056114410375 
0.0045449036480426615 0.006059871530723549 0.00590837474245546 
0.0039692158526239245 0.006150769603684402 0.0064234638225669615 
0.0042722094291601015 0.006605259968488668 0.00590837474245546 
0.00442370621742819 0.006787056114410375 0.00590837474245546 
0.003726820991394982 0.006787056114410375 0.006029572173069931 
0.00402981456793116 0.006514361895527815 0.006090170888377167 
0.0032420312689370985 0.0064234638225669615 0.006453763180220579 
0.00402981456793116 0.006332565749606108 0.0064234638225669615 
0.0035753242031268937 0.005393285662343959 0.005544782450612047 
0.0036056235607805115 0.0048175978669252216 0.005514483092958429 
0.004241910071506484 0.004454005575081808 0.005453884377651194 
0.003878317779663071 0.0036359229184341293 0.0052720882317294875 
0.003908617137316689 0.003999515210277542 0.005423585019997576 
0.0034541267725124226 0.0034541267725124226 0.005332686947036723 
0.003545024845473276 0.003666222276087747 0.006241667676645255 
0.0038177190643558356 0.003514725487819658 0.005150890801115016 
0.0026360441158647437 0.003908617137316689 0.005393285662343959 
0.0026360441158647437 0.0032420312689370985 0.004938795297539692 
0.0028784389770936856 0.002454247969943037 0.005878075384801842 
0.002393649254635802 0.003181432553629863 0.005817476669494607 
0.0025148466852502726 0.0025148466852502726 0.005423585019997576 
0.0020603563204460067 0.0025148466852502726 0.004241910071506484 
0.002120955035753242 0.0023330505393285663 0.004575203005696279 
0.0019694582474851534 0.001999757605138771 0.0037571203490486 
0.001999757605138771 0.0028481396194400678 0.004181311356199249 
0.001757362743909829 0.002030056962792389 0.0032117319112834808 
0.0020906556780996245 0.0014240698097200339 0.003938916494970307 
0.0014846685250272695 0.0019391588898315356 0.003514725487819658 
0.0014543691673736517 0.001393770452066416 0.002969337050054539 
0.0014846685250272695 0.0014543691673736517 0.003181432553629863 
0.0016058659556417404 0.001181674948491092 0.0028481396194400678 
0.001181674948491092 0.001666464670948976 0.0024239486122894197 
0.0015149678826808872 9.695794449157678E-4 0.0022724518240213308 
0.0012119743061447098 0.0011210762331838565 0.002242152466367713 
0.0013331717367591808 9.998788025693856E-4 0.0020906556780996245 
8.483820143012969E-4 9.3928008726215E-4 0.002393649254635802 
8.786813719549145E-4 0.0011210762331838565 0.0019088595321779178 
9.998788025693856E-4 7.877832989940613E-4 0.0017876621015634469 
6.362865107259726E-4 7.271845836868258E-4 0.0014846685250272695 
8.180826566476791E-4 7.271845836868258E-4 0.0015452672403345048 
0.001060477517876621 8.786813719549145E-4 0.0018179614592170646 
8.786813719549145E-4 7.877832989940613E-4 0.0023330505393285663 
6.665858683795904E-4 5.756877954187371E-4 0.0026360441158647437 
3.9389164949703065E-4 3.9389164949703065E-4 0.0029087383347473033 
6.059871530723549E-4 6.665858683795904E-4 0.0037874197067022178 
4.2419100715064843E-4 5.150890801115017E-4 0.004151011998545631 
6.362865107259726E-4 7.271845836868258E-4 0.003908617137316689 
6.96885226033208E-4 6.059871530723549E-4 0.004726699793964368 
6.362865107259726E-4 4.5449036480426616E-4 0.0037571203490486 
4.847897224578839E-4 4.5449036480426616E-4 0.004605502363349897 
4.5449036480426616E-4 4.5449036480426616E-4 0.0045449036480426615 
4.5449036480426616E-4 2.726942188825597E-4 0.0051205914434613985 
4.2419100715064843E-4 5.150890801115017E-4 0.005575081808265664 
5.150890801115017E-4 3.9389164949703065E-4 0.005211489516422252 
2.1209550357532422E-4 3.635922918434129E-4 0.004302508786813719 
6.059871530723549E-4 2.1209550357532422E-4 0.005575081808265664 
3.0299357653617746E-4 3.332929341897952E-4 0.004605502363349897 
4.5449036480426616E-4 5.150890801115017E-4 0.005150890801115016 
4.847897224578839E-4 3.332929341897952E-4 0.004666101078657133 
2.4239486122894195E-4 4.847897224578839E-4 0.004999394012846927 
4.2419100715064843E-4 4.847897224578839E-4 0.004726699793964368 
4.847897224578839E-4 3.635922918434129E-4 0.00442370621742819 
2.726942188825597E-4 3.635922918434129E-4 0.00496909465519331 
3.635922918434129E-4 2.4239486122894195E-4 0.004635801721003515 
3.332929341897952E-4 4.2419100715064843E-4 0.0034844261301660404 
1.5149678826808873E-4 3.635922918434129E-4 0.0028784389770936856 
5.150890801115017E-4 1.5149678826808873E-4 0.0030905344806690096 
4.5449036480426616E-4 1.8179614592170646E-4 0.0024239486122894197 
3.0299357653617746E-4 3.635922918434129E-4 0.0018179614592170646 
1.2119743061447097E-4 1.2119743061447097E-4 0.0016361653132953582 
3.332929341897952E-4 2.4239486122894195E-4 0.0015452672403345048 
2.1209550357532422E-4 2.4239486122894195E-4 0.0016058659556417404 
4.5449036480426616E-4 3.0299357653617746E-4 0.0015149678826808872 
3.9389164949703065E-4 2.726942188825597E-4 0.0013634710944127985 
2.726942188825597E-4 3.635922918434129E-4 8.180826566476791E-4 
2.1209550357532422E-4 2.4239486122894195E-4 7.574839413404436E-4 
2.4239486122894195E-4 3.332929341897952E-4 7.877832989940613E-4 
1.5149678826808873E-4 2.1209550357532422E-4 9.089807296085323E-4 
3.635922918434129E-4 2.4239486122894195E-4 9.998788025693856E-4 
3.0299357653617746E-4 3.0299357653617746E-4 8.180826566476791E-4 
1.5149678826808873E-4 3.0299357653617746E-4 5.453884377651194E-4 
5.150890801115017E-4 2.726942188825597E-4 6.362865107259726E-4 
2.726942188825597E-4 3.332929341897952E-4 7.271845836868258E-4 
4.5449036480426616E-4 3.0299357653617746E-4 5.756877954187371E-4 
2.4239486122894195E-4 6.362865107259726E-4 4.847897224578839E-4 
3.332929341897952E-4 3.635922918434129E-4 6.059871530723549E-4 
5.150890801115017E-4 3.332929341897952E-4 4.2419100715064843E-4 
3.635922918434129E-4 4.2419100715064843E-4 5.453884377651194E-4 
4.847897224578839E-4 3.635922918434129E-4 7.574839413404436E-4 
3.9389164949703065E-4 3.0299357653617746E-4 6.665858683795904E-4 
3.332929341897952E-4 4.5449036480426616E-4 3.635922918434129E-4 
3.9389164949703065E-4 3.0299357653617746E-4 4.847897224578839E-4 
2.4239486122894195E-4 2.4239486122894195E-4 3.332929341897952E-4 
3.332929341897952E-4 2.4239486122894195E-4 5.453884377651194E-4 
1.5149678826808873E-4 1.5149678826808873E-4 6.665858683795904E-4 
9.089807296085323E-5 3.332929341897952E-4 5.453884377651194E-4 
1.8179614592170646E-4 3.0299357653617746E-4 2.4239486122894195E-4 
2.726942188825597E-4 1.2119743061447097E-4 4.5449036480426616E-4 
1.8179614592170646E-4 1.8179614592170646E-4 3.332929341897952E-4 
1.5149678826808873E-4 1.2119743061447097E-4 4.5449036480426616E-4 
1.5149678826808873E-4 2.4239486122894195E-4 3.635922918434129E-4 
6.0598715307235486E-5 2.1209550357532422E-4 5.150890801115017E-4 
1.5149678826808873E-4 3.0299357653617743E-5 3.332929341897952E-4 
6.0598715307235486E-5 9.089807296085323E-5 3.0299357653617746E-4 
3.0299357653617743E-5 9.089807296085323E-5 1.8179614592170646E-4 
1.5149678826808873E-4 3.0299357653617743E-5 2.726942188825597E-4 
6.0598715307235486E-5 9.089807296085323E-5 2.1209550357532422E-4 
3.0299357653617743E-5 0.0 2.1209550357532422E-4 
3.0299357653617743E-5 3.0299357653617743E-5 3.9389164949703065E-4 
6.0598715307235486E-5 9.089807296085323E-5 3.0299357653617746E-4 
9.089807296085323E-5 3.0299357653617743E-5 2.726942188825597E-4 
9.089807296085323E-5 6.0598715307235486E-5 1.5149678826808873E-4 
0.0 0.0 2.1209550357532422E-4 
3.0299357653617743E-5 0.0 3.9389164949703065E-4 
9.089807296085323E-5 0.0 1.5149678826808873E-4 
3.0299357653617743E-5 0.0 2.4239486122894195E-4 
0.0 0.0 3.332929341897952E-4 
3.0299357653617743E-5 0.0 1.2119743061447097E-4 
0.0 0.0 2.726942188825597E-4 
0.0 0.0 1.5149678826808873E-4 
0.0 0.0 1.8179614592170646E-4 
3.0299357653617743E-5 0.0 3.0299357653617743E-5 
0.0 0.0 6.0598715307235486E-5 
0.0 0.0 6.0598715307235486E-5 
3.0299357653617743E-5 0.0 1.2119743061447097E-4 
3.0299357653617743E-5 0.0 6.96885226033208E-4 
