3.0299357653617743E-5 2.4239486122894195E-4 1.5149678826808873E-4 
3.0299357653617743E-5 6.0598715307235486E-5 3.0299357653617743E-5 
3.0299357653617743E-5 6.0598715307235486E-5 3.0299357653617743E-5 
3.0299357653617743E-5 1.2119743061447097E-4 3.0299357653617743E-5 
9.089807296085323E-5 9.089807296085323E-5 6.0598715307235486E-5 
6.0598715307235486E-5 9.089807296085323E-5 9.089807296085323E-5 
9.089807296085323E-5 2.1209550357532422E-4 6.0598715307235486E-5 
9.089807296085323E-5 3.332929341897952E-4 6.0598715307235486E-5 
1.5149678826808873E-4 2.4239486122894195E-4 6.0598715307235486E-5 
1.2119743061447097E-4 2.726942188825597E-4 1.2119743061447097E-4 
2.1209550357532422E-4 3.635922918434129E-4 1.5149678826808873E-4 
1.8179614592170646E-4 4.2419100715064843E-4 3.0299357653617746E-4 
2.4239486122894195E-4 7.877832989940613E-4 4.847897224578839E-4 
3.9389164949703065E-4 9.089807296085323E-4 3.635922918434129E-4 
4.2419100715064843E-4 0.001181674948491092 5.453884377651194E-4 
6.362865107259726E-4 0.001060477517876621 8.180826566476791E-4 
8.180826566476791E-4 0.0010907768755302387 9.3928008726215E-4 
0.0012119743061447098 0.0023027511816749485 9.998788025693856E-4 
8.180826566476791E-4 0.0023027511816749485 0.0012422736637983274 
0.0010301781602230034 0.002969337050054539 0.0017876621015634469 
0.0018179614592170646 0.0037874197067022178 0.0019694582474851534 
0.0016967640286025937 0.004120712640892013 0.0020603563204460067 
0.0020906556780996245 0.0048175978669252216 0.002969337050054539 
0.0023330505393285663 0.006150769603684402 0.0032117319112834808 
0.0028784389770936856 0.00657496061083505 0.0038480184220094533 
0.0036359229184341293 0.008423221427705732 0.004878196582232456 
0.00496909465519331 0.0077263362016725245 0.004575203005696279 
0.005484183735304812 0.009301902799660648 0.005787177311840989 
0.005575081808265664 0.011028966185916858 0.005999272815416313 
0.006756756756756757 0.012150042419100716 0.0066961580414495216 
0.00657496061083505 0.010968367470609624 0.008514119500666585 
0.00884741243485638 0.012240940492061569 0.008544418858320203 
0.008695915646588292 0.013331717367591808 0.008908011150163616 
0.009756393164464913 0.013119621864016483 0.008211125924130409 
0.01048357774815174 0.013755908374742455 0.009301902799660648 
0.010695673251727064 0.013271118652284572 0.009453399587928736 
0.011331959762453036 0.013513513513513514 0.009695794449157679 
0.012150042419100716 0.015270876257423342 0.0107562719670343 
0.011847048842564538 0.013634710944127984 0.010453278390498122 
0.012998424433402012 0.014483092958429282 0.010695673251727064 
0.011937946915525391 0.01408920130893225 0.01033208095988365 
0.012119743061447098 0.014210398739546722 0.01005938674100109 
0.012362137922676038 0.014483092958429282 0.00993818931038662 
0.014846685250272695 0.013180220579323719 0.009726093806811295 
0.013059023148709248 0.013786207732396073 0.009513998303235972 
0.012695430856865834 0.011847048842564538 0.009907889952733001 
0.012119743061447098 0.012271239849715187 0.009453399587928736 
0.013119621864016483 0.010938068112956006 0.009604896376196825 
0.012725730214519452 0.011786450127257302 0.009695794449157679 
0.011786450127257302 0.01060477517876621 0.010089686098654708 
0.011665252696642831 0.00927160344200703 0.010089686098654708 
0.010635074536419828 0.008544418858320203 0.0093928008726215 
0.011241061689492182 0.00845352078535935 0.009513998303235972 
0.010665373894073446 0.008756514361895527 0.009150406011392559 
0.009847291237425766 0.00778693491697976 0.009180705369046176 
0.009756393164464913 0.0075748394134044356 0.010665373894073446 
0.009665495091504061 0.007059750333292934 0.00954429766088959 
0.00857471821597382 0.0074233426251363475 0.009756393164464913 
0.00833232335474488 0.006665858683795904 0.008877711792509999 
0.007938431705247849 0.007059750333292934 0.007696036844018907 
0.008241425281784027 0.0058477760271482245 0.008817113077202763 
0.006938552902678463 0.006544661253181433 0.00805962913586232 
0.007453641982789964 0.006605259968488668 0.007877832989940613 
0.00739304326748273 0.007029450975639316 0.0071506484062537875 
0.006726457399103139 0.0061204702460307845 0.0075142406980972 
0.006453763180220579 0.00630226639195249 0.006362865107259726 
0.006241667676645255 0.006090170888377167 0.007241546479214641 
0.007362743909829112 0.007090049690946552 0.0064234638225669615 
0.006029572173069931 0.00524178887407587 0.006665858683795904 
0.006362865107259726 0.005544782450612047 0.006059871530723549 
0.0064234638225669615 0.006090170888377167 0.006544661253181433 
0.0056356805235729 0.006514361895527815 0.005575081808265664 
0.005756877954187371 0.005999272815416313 0.005544782450612047 
0.005999272815416313 0.005756877954187371 0.006332565749606108 
0.005544782450612047 0.005605381165919282 0.005665979881226518 
0.005878075384801842 0.006150769603684402 0.005999272815416313 
0.005453884377651194 0.006241667676645255 0.0056962792388801356 
0.005787177311840989 0.0056962792388801356 0.0056962792388801356 
0.0056962792388801356 0.005059992728154163 0.005423585019997576 
0.005453884377651194 0.0048175978669252216 0.005423585019997576 
0.006393164464913344 0.004878196582232456 0.005968973457762696 
0.005423585019997576 0.005059992728154163 0.005938674100109078 
0.006181068961338019 0.0048175978669252216 0.005605381165919282 
0.0042722094291601015 0.004999394012846927 0.0058477760271482245 
0.005756877954187371 0.004181311356199249 0.004908495939886074 
0.005059992728154163 0.004302508786813719 0.005211489516422252 
0.004999394012846927 0.003938916494970307 0.005181190158768634 
0.0058477760271482245 0.0032420312689370985 0.005484183735304812 
0.006059871530723549 0.003878317779663071 0.005544782450612047 
0.004908495939886074 0.003696521633741365 0.00524178887407587 
0.004666101078657133 0.0034541267725124226 0.005787177311840989 
0.004363107502120955 0.0030602351230153923 0.004514604290389044 
0.004484304932735426 0.0030905344806690096 0.0051205914434613985 
0.004454005575081808 0.002969337050054539 0.004605502363349897 
0.005150890801115016 0.0025148466852502726 0.004666101078657133 
0.004151011998545631 0.002726942188825597 0.0048175978669252216 
0.0038177190643558356 0.0023330505393285663 0.003999515210277542 
0.003999515210277542 0.0031208338383226274 0.004514604290389044 
0.004090413283238396 0.002484547327596655 0.00402981456793116 
0.004241910071506484 0.002393649254635802 0.004241910071506484 
0.003938916494970307 0.0023330505393285663 0.0039692158526239245 
0.0030905344806690096 0.0019088595321779178 0.0034541267725124226 
0.003726820991394982 0.0019088595321779178 0.0037874197067022178 
0.002787540904132832 0.0015452672403345048 0.003302629984244334 
0.0026966428311719793 0.0018785601745243 0.0035753242031268937 
0.00281784026178645 0.002393649254635802 0.0035753242031268937 
0.002454247969943037 0.0019391588898315356 0.002939037692400921 
0.002726942188825597 0.0018482608168706824 0.0027572415464792144 
0.00281784026178645 0.0018179614592170646 0.003332929341897952 
0.0023330505393285663 0.0016967640286025937 0.0025451460429038904 
0.002605744758211126 0.0013331717367591808 0.0032117319112834808 
0.0025451460429038904 0.0013634710944127985 0.0026360441158647437 
0.002363349896982184 0.0019391588898315356 0.0028784389770936856 
0.002211853108714095 0.001393770452066416 0.0029087383347473033 
0.002393649254635802 0.0015452672403345048 0.002726942188825597 
0.002211853108714095 0.0014846685250272695 0.0027572415464792144 
0.002030056962792389 0.0016361653132953582 0.0026360441158647437 
0.0019694582474851534 0.0015755665979881226 0.002393649254635802 
0.0021512543934068596 0.0013331717367591808 0.0024239486122894197 
0.0025451460429038904 0.0013634710944127985 0.0026966428311719793 
0.0021512543934068596 0.0015755665979881226 0.002030056962792389 
0.0019088595321779178 0.001666464670948976 0.0023027511816749485 
0.001999757605138771 0.0019391588898315356 0.002211853108714095 
0.001999757605138771 0.001393770452066416 0.0021512543934068596 
0.0026360441158647437 0.0016967640286025937 0.0016058659556417404 
0.0027572415464792144 0.0015452672403345048 0.001393770452066416 
0.002242152466367713 0.0017270633862562113 0.001666464670948976 
0.002605744758211126 0.0014846685250272695 0.0015149678826808872 
0.0030299357653617745 0.0012725730214519452 0.002211853108714095 
0.0035753242031268937 0.0015452672403345048 0.0016967640286025937 
0.0036056235607805115 0.0018482608168706824 0.0018785601745243 
0.003332929341897952 0.001666464670948976 0.0019088595321779178 
0.005362986304690341 0.0017270633862562113 0.0017876621015634469 
0.004635801721003515 0.0016058659556417404 0.0014846685250272695 
0.0037874197067022178 0.001666464670948976 0.002120955035753242 
0.003545024845473276 0.0014543691673736517 0.0017270633862562113 
0.003666222276087747 0.0021512543934068596 0.001999757605138771 
0.004999394012846927 0.0017270633862562113 0.001666464670948976 
0.0032723306265907163 0.0017876621015634469 0.0015452672403345048 
0.003545024845473276 0.0018785601745243 0.0015452672403345048 
0.0028784389770936856 0.0019088595321779178 0.002454247969943037 
0.0017270633862562113 0.0018482608168706824 0.0013634710944127985 
0.0017270633862562113 0.0021512543934068596 0.0019391588898315356 
0.0014543691673736517 0.0019391588898315356 0.002363349896982184 
0.001666464670948976 0.002211853108714095 0.0021512543934068596 
0.0012422736637983274 0.0020603563204460067 0.0017876621015634469 
0.001666464670948976 0.0020603563204460067 0.0019391588898315356 
0.0012119743061447098 0.0020603563204460067 0.0015755665979881226 
0.0014240698097200339 0.002605744758211126 0.0019088595321779178 
0.0012119743061447098 0.0029996364077081567 0.0012422736637983274 
9.089807296085323E-4 0.002939037692400921 0.0015452672403345048 
0.0010301781602230034 0.0031208338383226274 0.0014543691673736517 
0.0010301781602230034 0.004241910071506484 0.0017876621015634469 
9.089807296085323E-4 0.003696521633741365 0.001302872379105563 
9.3928008726215E-4 0.002939037692400921 0.0021815537510604774 
8.483820143012969E-4 0.0036056235607805115 0.0019694582474851534 
8.180826566476791E-4 0.004060113925584778 0.002726942188825597 
8.786813719549145E-4 0.002787540904132832 0.0026360441158647437 
0.0012725730214519452 0.002454247969943037 0.0032117319112834808 
0.0012119743061447098 0.0020603563204460067 0.0034541267725124226 
9.998788025693856E-4 0.0015452672403345048 0.0042722094291601015 
9.998788025693856E-4 0.0011210762331838565 0.005059992728154163 
9.089807296085323E-4 0.001060477517876621 0.005150890801115016 
0.0010301781602230034 0.0011210762331838565 0.004938795297539692 
0.001302872379105563 0.0010301781602230034 0.003726820991394982 
0.0011513755908374743 0.0012119743061447098 0.0030905344806690096 
8.483820143012969E-4 9.089807296085323E-4 0.002575445400557508 
0.001060477517876621 6.362865107259726E-4 0.0017876621015634469 
8.483820143012969E-4 7.877832989940613E-4 0.0013331717367591808 
8.180826566476791E-4 6.362865107259726E-4 0.0012422736637983274 
8.180826566476791E-4 6.665858683795904E-4 9.695794449157678E-4 
0.0010301781602230034 8.483820143012969E-4 0.0011513755908374743 
9.3928008726215E-4 0.001181674948491092 0.0011210762331838565 
7.271845836868258E-4 5.453884377651194E-4 0.001302872379105563 
8.786813719549145E-4 7.877832989940613E-4 0.001060477517876621 
8.180826566476791E-4 9.998788025693856E-4 9.695794449157678E-4 
0.0012725730214519452 8.180826566476791E-4 0.0011210762331838565 
0.001060477517876621 6.059871530723549E-4 7.271845836868258E-4 
7.271845836868258E-4 8.786813719549145E-4 0.0011210762331838565 
8.483820143012969E-4 9.3928008726215E-4 9.089807296085323E-4 
9.089807296085323E-4 0.0013634710944127985 9.089807296085323E-4 
0.0010301781602230034 8.483820143012969E-4 6.96885226033208E-4 
0.0012725730214519452 9.089807296085323E-4 9.089807296085323E-4 
0.0012422736637983274 0.0011210762331838565 8.786813719549145E-4 
0.001060477517876621 5.756877954187371E-4 9.695794449157678E-4 
0.0011210762331838565 7.877832989940613E-4 9.089807296085323E-4 
0.0015149678826808872 0.0012119743061447098 7.877832989940613E-4 
0.0013331717367591808 0.001302872379105563 7.574839413404436E-4 
0.0015149678826808872 0.0012119743061447098 6.665858683795904E-4 
0.0017876621015634469 0.0011210762331838565 9.998788025693856E-4 
0.0014846685250272695 8.786813719549145E-4 0.0013331717367591808 
0.0016967640286025937 0.0015452672403345048 0.001060477517876621 
0.0017270633862562113 0.0018482608168706824 0.0012422736637983274 
0.002787540904132832 0.0021512543934068596 9.998788025693856E-4 
0.0023027511816749485 0.001666464670948976 6.96885226033208E-4 
0.002363349896982184 0.002575445400557508 0.001060477517876621 
0.0030905344806690096 0.001666464670948976 0.0015149678826808872 
0.0034541267725124226 0.0021512543934068596 0.0015755665979881226 
0.0037571203490486 0.002575445400557508 0.0015149678826808872 
0.00442370621742819 0.0028784389770936856 0.0020906556780996245 
0.00402981456793116 0.003302629984244334 0.001999757605138771 
0.005150890801115016 0.003666222276087747 0.002242152466367713 
0.005756877954187371 0.004302508786813719 0.0030299357653617745 
0.0061204702460307845 0.0037874197067022178 0.0028481396194400678 
0.006908253545024845 0.0042722094291601015 0.0036056235607805115 
0.008544418858320203 0.0052720882317294875 0.004151011998545631 
0.00872621500424191 0.005302387589383105 0.004211610713852866 
0.00978669252211853 0.006090170888377167 0.00524178887407587 
0.010725972609380682 0.005968973457762696 0.00657496061083505 
0.010574475821112593 0.008211125924130409 0.007635438128711671 
0.011362259120106653 0.007877832989940613 0.00912010665373894 
0.010150284813961944 0.009816991879772148 0.013665010301781601 
0.008756514361895527 0.012665131499212216 0.01584656405284208 
0.009604896376196825 0.01381650709004969 0.017391831293176584 
0.010271482244576415 0.017119137074294025 0.015058780753848018 
0.008665616288934674 0.017846321657980852 0.015604169191613138 
0.008029329778208702 0.01436189552781481 0.013937704520664162 
0.008665616288934674 0.0107562719670343 0.0107562719670343 
0.007635438128711671 0.008483820143012967 0.009998788025693855 
0.006726457399103139 0.007544540055750818 0.009907889952733001 
0.006817355472063992 0.008695915646588292 0.00993818931038662 
0.006181068961338019 0.007605138771058053 0.007211247121561023 
0.008817113077202763 0.009756393164464913 0.006756756756756757 
0.003666222276087747 0.00402981456793116 0.004514604290389044 
0.0021512543934068596 0.002726942188825597 0.004635801721003515 
0.0011513755908374743 0.0014240698097200339 0.0033632286995515697 
9.3928008726215E-4 8.483820143012969E-4 0.0022724518240213308 
8.180826566476791E-4 9.3928008726215E-4 0.002242152466367713 
4.2419100715064843E-4 6.96885226033208E-4 0.0023027511816749485 
4.5449036480426616E-4 6.362865107259726E-4 0.001393770452066416 
3.9389164949703065E-4 3.332929341897952E-4 0.0012422736637983274 
3.0299357653617746E-4 1.8179614592170646E-4 0.0011513755908374743 
3.9389164949703065E-4 2.726942188825597E-4 9.3928008726215E-4 
3.9389164949703065E-4 3.332929341897952E-4 0.001060477517876621 
1.8179614592170646E-4 6.0598715307235486E-5 9.695794449157678E-4 
1.2119743061447097E-4 2.4239486122894195E-4 7.574839413404436E-4 
1.2119743061447097E-4 9.089807296085323E-5 8.180826566476791E-4 
2.1209550357532422E-4 1.8179614592170646E-4 5.150890801115017E-4 
1.2119743061447097E-4 1.2119743061447097E-4 6.96885226033208E-4 
6.0598715307235486E-5 0.0 3.332929341897952E-4 
3.0299357653617743E-5 3.0299357653617743E-5 3.9389164949703065E-4 
1.2119743061447097E-4 3.0299357653617743E-5 3.0299357653617746E-4 
0.0 0.0 2.1209550357532422E-4 
3.0299357653617743E-5 3.0299357653617743E-5 2.1209550357532422E-4 
1.2119743061447097E-4 0.0 2.4239486122894195E-4 
9.089807296085323E-5 0.0 1.5149678826808873E-4 
0.0 3.0299357653617743E-5 9.089807296085323E-5 
0.0 0.0 2.1209550357532422E-4 
0.0 0.0 1.5149678826808873E-4 
0.0 6.0598715307235486E-5 6.0598715307235486E-5 
3.0299357653617743E-5 3.0299357653617743E-5 1.2119743061447097E-4 
0.0 0.0 6.0598715307235486E-5 
0.0 0.0 9.089807296085323E-5 
0.0 0.0 3.0299357653617743E-5 
0.0 0.0 6.0598715307235486E-5 
0.0 0.0 1.5149678826808873E-4 
