3.635922918434129E-4 3.332929341897952E-4 9.089807296085323E-4 
3.332929341897952E-4 1.2119743061447097E-4 3.635922918434129E-4 
3.0299357653617746E-4 4.2419100715064843E-4 6.362865107259726E-4 
3.332929341897952E-4 3.332929341897952E-4 0.001181674948491092 
6.059871530723549E-4 4.5449036480426616E-4 0.0019694582474851534 
7.574839413404436E-4 8.483820143012969E-4 0.002605744758211126 
0.001757362743909829 0.001393770452066416 0.0032117319112834808 
0.002969337050054539 0.002605744758211126 0.005726578596533753 
0.003423827414858805 0.003545024845473276 0.00712034904860017 
0.0051205914434613985 0.00496909465519331 0.010241182886922797 
0.006635559326142286 0.00712034904860017 0.01260453278390498 
0.007999030420555085 0.006908253545024845 0.01596776148345655 
0.009726093806811295 0.008908011150163616 0.01842200945339959 
0.010029087383347473 0.008635316931281056 0.019633983759544296 
0.011119864258877711 0.009604896376196825 0.02093685613864986 
0.01033208095988365 0.009423100230275119 0.022088231729487335 
0.01248333535329051 0.010695673251727064 0.021664040722336686 
0.01302872379105563 0.011150163616531329 0.01960368440189068 
0.014695188462004606 0.013331717367591808 0.019633983759544296 
0.018452308811053204 0.013786207732396073 0.017331232577869348 
0.021694340079990306 0.016967640286025935 0.01569506726457399 
0.02175493879529754 0.0215125439340686 0.013271118652284572 
0.0211792509998788 0.02311840988971034 0.011937946915525391 
0.020452066416191978 0.020906556780996243 0.009604896376196825 
0.01769482486971276 0.019846079263119622 0.008817113077202763 
0.015725366622227607 0.018603805599321295 0.007453641982789964 
0.012422736637983274 0.015119379469155253 0.006817355472063992 
0.011331959762453036 0.01381650709004969 0.007029450975639316 
0.009301902799660648 0.011634953338989213 0.005453884377651194 
0.007696036844018907 0.00954429766088959 0.005332686947036723 
0.007453641982789964 0.009301902799660648 0.00442370621742819 
0.006241667676645255 0.007877832989940613 0.004332808144467337 
0.005029693370500545 0.006908253545024845 0.0032420312689370985 
0.005181190158768634 0.005726578596533753 0.0034844261301660404 
0.003908617137316689 0.005150890801115016 0.002726942188825597 
0.0037874197067022178 0.00402981456793116 0.003151133195976245 
0.0028481396194400678 0.003514725487819658 0.0020603563204460067 
0.002726942188825597 0.0033632286995515697 0.0022724518240213308 
0.0028784389770936856 0.0023330505393285663 0.002120955035753242 
0.0021512543934068596 0.0023330505393285663 0.0020906556780996245 
0.0016967640286025937 0.0026966428311719793 0.001999757605138771 
0.0011513755908374743 0.002363349896982184 0.0016967640286025937 
0.0014846685250272695 0.0015452672403345048 0.0016967640286025937 
0.0012119743061447098 0.0015755665979881226 0.0016967640286025937 
0.0011513755908374743 0.0015149678826808872 0.0014240698097200339 
0.0017270633862562113 0.0017876621015634469 0.0019391588898315356 
0.0012422736637983274 0.0015149678826808872 0.0016967640286025937 
9.3928008726215E-4 0.0018179614592170646 0.002120955035753242 
0.0010301781602230034 0.001393770452066416 0.0013634710944127985 
0.0010907768755302387 0.0014240698097200339 0.0014240698097200339 
0.001181674948491092 0.001302872379105563 0.0019391588898315356 
9.695794449157678E-4 0.001393770452066416 0.0019391588898315356 
0.0014846685250272695 0.002120955035753242 0.0018785601745243 
0.0012422736637983274 0.002030056962792389 0.0020906556780996245 
0.0015452672403345048 0.0018482608168706824 0.002242152466367713 
0.0015452672403345048 0.0019088595321779178 0.0018179614592170646 
0.0011210762331838565 0.0019391588898315356 0.0014846685250272695 
0.0014543691673736517 0.0018179614592170646 0.0015149678826808872 
0.002242152466367713 0.0014846685250272695 0.0015452672403345048 
0.0017876621015634469 0.0019088595321779178 0.0018179614592170646 
0.0019694582474851534 0.0016967640286025937 0.0014846685250272695 
0.0013331717367591808 0.0015452672403345048 0.0015452672403345048 
0.0016058659556417404 0.0013331717367591808 0.0016058659556417404 
0.0017876621015634469 0.0017270633862562113 0.0012725730214519452 
0.0017876621015634469 0.0017270633862562113 0.0016967640286025937 
0.002211853108714095 0.0014846685250272695 0.0015149678826808872 
0.0016967640286025937 0.001666464670948976 0.0014846685250272695 
0.0015452672403345048 0.0017876621015634469 0.0014846685250272695 
0.001393770452066416 0.001666464670948976 0.0015755665979881226 
0.0015452672403345048 0.001666464670948976 0.001666464670948976 
0.0019694582474851534 0.001666464670948976 0.0014240698097200339 
0.001757362743909829 0.0018785601745243 0.0014543691673736517 
0.0018785601745243 0.002211853108714095 0.0013331717367591808 
0.0018482608168706824 0.0016361653132953582 0.0015149678826808872 
0.001302872379105563 0.0017876621015634469 0.0013331717367591808 
0.0019088595321779178 0.0018785601745243 0.0010301781602230034 
0.0017270633862562113 0.0013634710944127985 0.0012119743061447098 
0.002393649254635802 0.0016361653132953582 8.483820143012969E-4 
0.001666464670948976 0.0019391588898315356 0.0011513755908374743 
0.002605744758211126 0.0014543691673736517 0.0010907768755302387 
0.0024239486122894197 0.0014846685250272695 0.0010907768755302387 
0.0017876621015634469 0.0012725730214519452 9.089807296085323E-4 
0.0022724518240213308 0.0015755665979881226 0.001393770452066416 
0.0032117319112834808 0.0014543691673736517 0.0015452672403345048 
0.003302629984244334 0.0013331717367591808 0.0012725730214519452 
0.0030602351230153923 0.0016058659556417404 0.0012422736637983274 
0.003908617137316689 0.0014846685250272695 0.001302872379105563 
0.0039692158526239245 0.0019088595321779178 0.0016361653132953582 
0.004302508786813719 0.0018785601745243 0.001060477517876621 
0.004090413283238396 0.002454247969943037 0.001060477517876621 
0.004363107502120955 0.002454247969943037 0.0015755665979881226 
0.0038480184220094533 0.0030905344806690096 0.0013331717367591808 
0.005090292085807781 0.003151133195976245 0.0013634710944127985 
0.004575203005696279 0.0033935280572051875 0.0013331717367591808 
0.005362986304690341 0.004999394012846927 7.271845836868258E-4 
0.005514483092958429 0.004393406859774573 0.0011513755908374743 
0.0056356805235729 0.004847897224578839 0.0012422736637983274 
0.00778693491697976 0.003726820991394982 0.0011210762331838565 
0.006968852260332081 0.004241910071506484 0.0015452672403345048 
0.007756635559326142 0.004666101078657133 0.0014543691673736517 
0.006726457399103139 0.0056962792388801356 0.0010907768755302387 
0.008089928493515938 0.005393285662343959 9.998788025693856E-4 
0.009423100230275119 0.00590837474245546 9.089807296085323E-4 
0.0112713610471458 0.006665858683795904 0.0011210762331838565 
0.011756150769603685 0.006938552902678463 0.001302872379105563 
0.013180220579323719 0.008392922070052116 0.0017876621015634469 
0.01908859532177918 0.00872621500424191 0.0014846685250272695 
0.015634468549266756 0.009847291237425766 0.0014543691673736517 
0.013998303235971397 0.011877348200218156 0.0017270633862562113 
0.01769482486971276 0.01357411222882075 0.001757362743909829 
0.01987637862077324 0.013755908374742455 0.002363349896982184 
0.018331111380438733 0.019846079263119622 0.0025148466852502726 
0.015907162768149314 0.015543570476305902 0.0030905344806690096 
0.006817355472063992 0.013937704520664162 0.003181432553629863 
0.005453884377651194 0.017664525512059145 0.0028784389770936856 
0.002575445400557508 0.020330868985577507 0.0032420312689370985 
0.0025451460429038904 0.018452308811053204 0.004090413283238396 
0.002242152466367713 0.015816264695188462 0.0032117319112834808 
0.0028481396194400678 0.007696036844018907 0.0037571203490486 
0.0025451460429038904 0.005878075384801842 0.003181432553629863 
0.0021512543934068596 0.0024239486122894197 0.003726820991394982 
0.0024239486122894197 0.0022724518240213308 0.002939037692400921 
0.002575445400557508 0.0026360441158647437 0.0030602351230153923 
0.0022724518240213308 0.002575445400557508 0.004060113925584778 
0.0028784389770936856 0.002726942188825597 0.0039692158526239245 
0.0027572415464792144 0.002030056962792389 0.004787298509271604 
0.0020603563204460067 0.003151133195976245 0.0045449036480426615 
0.0023330505393285663 0.0023027511816749485 0.005605381165919282 
0.002030056962792389 0.002605744758211126 0.005605381165919282 
0.002605744758211126 0.002454247969943037 0.005999272815416313 
0.0019391588898315356 0.0028784389770936856 0.006090170888377167 
0.0027572415464792144 0.0021815537510604774 0.0075142406980972 
0.002363349896982184 0.0019694582474851534 0.00630226639195249 
0.002242152466367713 0.0023330505393285663 0.0058477760271482245 
0.002484547327596655 0.0024239486122894197 0.005302387589383105 
0.0017876621015634469 0.002605744758211126 0.006544661253181433 
0.0018785601745243 0.0022724518240213308 0.007544540055750818 
0.0021512543934068596 0.0025451460429038904 0.006877954187371227 
0.0021815537510604774 0.0026360441158647437 0.010150284813961944 
0.001999757605138771 0.0025148466852502726 0.012240940492061569 
0.0026966428311719793 0.0018785601745243 0.019421888255968973 
0.0020906556780996245 0.002454247969943037 0.015513271118652285 
0.002605744758211126 0.0020906556780996245 0.0145133923160829 
0.0017270633862562113 0.0020906556780996245 0.016876742213065083 
0.0020603563204460067 0.0017270633862562113 0.016482850563568054 
0.0023330505393285663 0.0017876621015634469 0.013937704520664162 
0.001999757605138771 0.002454247969943037 0.011392558477760271 
0.0019694582474851534 0.0022724518240213308 0.012574233426251363 
0.0015452672403345048 0.0023330505393285663 0.011150163616531329 
0.0017270633862562113 0.0025451460429038904 0.01005938674100109 
0.002030056962792389 0.0018785601745243 0.004999394012846927 
0.0016967640286025937 0.0015452672403345048 0.00469640043631075 
0.0019694582474851534 0.001757362743909829 0.0025451460429038904 
0.0017270633862562113 0.001666464670948976 0.0026663434735183615 
0.0019694582474851534 0.0017876621015634469 0.0030602351230153923 
0.001666464670948976 0.0016361653132953582 0.0029996364077081567 
0.0015149678826808872 0.002242152466367713 0.002969337050054539 
0.0018785601745243 0.0016361653132953582 0.002211853108714095 
0.0018179614592170646 0.001666464670948976 0.0027572415464792144 
0.0016967640286025937 0.001999757605138771 0.0030905344806690096 
0.0015755665979881226 0.0017876621015634469 0.0031208338383226274 
0.0018482608168706824 0.0017270633862562113 0.0023330505393285663 
0.0016967640286025937 0.0017270633862562113 0.0026360441158647437 
0.001757362743909829 0.002242152466367713 0.002030056962792389 
0.001666464670948976 0.0019088595321779178 0.002120955035753242 
0.0020603563204460067 0.0021815537510604774 0.0022724518240213308 
0.0019694582474851534 0.0018179614592170646 0.0021815537510604774 
0.0019694582474851534 0.002030056962792389 0.002575445400557508 
0.0021815537510604774 0.002242152466367713 0.0024239486122894197 
0.0021815537510604774 0.002363349896982184 0.002726942188825597 
0.002484547327596655 0.002030056962792389 0.0023330505393285663 
0.0024239486122894197 0.0023027511816749485 0.0026360441158647437 
0.0021512543934068596 0.0024239486122894197 0.002484547327596655 
0.002030056962792389 0.0019088595321779178 0.003302629984244334 
0.0019088595321779178 0.0026360441158647437 0.0033632286995515697 
0.0022724518240213308 0.002969337050054539 0.0028481396194400678 
0.002363349896982184 0.002605744758211126 0.0029087383347473033 
0.002242152466367713 0.002605744758211126 0.0033935280572051875 
0.001757362743909829 0.0020603563204460067 0.0037571203490486 
0.0021815537510604774 0.0026966428311719793 0.0029087383347473033 
0.0024239486122894197 0.0027572415464792144 0.0034844261301660404 
0.0021512543934068596 0.0025451460429038904 0.003514725487819658 
0.0021512543934068596 0.003666222276087747 0.0031208338383226274 
0.002363349896982184 0.0028784389770936856 0.003423827414858805 
0.002454247969943037 0.0032420312689370985 0.0039692158526239245 
0.002605744758211126 0.0025148466852502726 0.004393406859774573 
0.0031208338383226274 0.002939037692400921 0.0028784389770936856 
0.002484547327596655 0.003151133195976245 0.0033935280572051875 
0.0029996364077081567 0.0032723306265907163 0.004181311356199249 
0.002969337050054539 0.003514725487819658 0.004120712640892013 
0.0034844261301660404 0.004060113925584778 0.004120712640892013 
0.003302629984244334 0.0032117319112834808 0.004241910071506484 
0.0030905344806690096 0.002969337050054539 0.004332808144467337 
0.003666222276087747 0.0039692158526239245 0.004363107502120955 
0.0035753242031268937 0.0035753242031268937 0.003878317779663071 
0.0033632286995515697 0.003332929341897952 0.0052720882317294875 
0.003726820991394982 0.0037874197067022178 0.005090292085807781 
0.003696521633741365 0.004332808144467337 0.005787177311840989 
0.003999515210277542 0.004484304932735426 0.006605259968488668 
0.0031208338383226274 0.004332808144467337 0.006787056114410375 
0.004090413283238396 0.00496909465519331 0.005302387589383105 
0.004060113925584778 0.004938795297539692 0.00712034904860017 
0.004484304932735426 0.00524178887407587 0.009907889952733001 
0.004726699793964368 0.00630226639195249 0.007211247121561023 
0.004241910071506484 0.007029450975639316 0.00712034904860017 
0.004302508786813719 0.00805962913586232 0.005544782450612047 
0.004878196582232456 0.007059750333292934 0.004484304932735426 
0.004120712640892013 0.006726457399103139 0.00402981456793116 
0.004241910071506484 0.0061204702460307845 0.004090413283238396 
0.005211489516422252 0.003545024845473276 0.0032117319112834808 
0.004787298509271604 0.003151133195976245 0.002787540904132832 
0.003878317779663071 0.0026663434735183615 0.0023330505393285663 
0.005968973457762696 0.002393649254635802 0.0017876621015634469 
0.006726457399103139 0.002120955035753242 0.001666464670948976 
0.0052720882317294875 0.002454247969943037 0.002242152466367713 
0.0032420312689370985 0.002454247969943037 0.0015149678826808872 
0.0030905344806690096 0.002575445400557508 0.0016967640286025937 
0.0026663434735183615 0.001999757605138771 0.0019088595321779178 
0.002454247969943037 0.002211853108714095 0.0015755665979881226 
0.0020906556780996245 0.002393649254635802 0.001393770452066416 
0.0026966428311719793 0.0022724518240213308 0.0013331717367591808 
0.0025451460429038904 0.0020603563204460067 0.0012119743061447098 
0.002939037692400921 0.002393649254635802 0.0015452672403345048 
0.0026966428311719793 0.0019391588898315356 8.786813719549145E-4 
0.002575445400557508 0.002242152466367713 0.0010907768755302387 
0.0039692158526239245 0.0029087383347473033 0.0013331717367591808 
0.00402981456793116 0.0026966428311719793 0.001757362743909829 
0.003423827414858805 0.0011210762331838565 9.3928008726215E-4 
0.0028784389770936856 9.998788025693856E-4 6.059871530723549E-4 
0.002969337050054539 6.665858683795904E-4 3.635922918434129E-4 
0.001757362743909829 5.150890801115017E-4 4.2419100715064843E-4 
0.0014240698097200339 1.5149678826808873E-4 1.5149678826808873E-4 
8.180826566476791E-4 2.726942188825597E-4 1.5149678826808873E-4 
7.877832989940613E-4 9.089807296085323E-5 1.8179614592170646E-4 
6.96885226033208E-4 6.0598715307235486E-5 9.089807296085323E-5 
7.271845836868258E-4 6.0598715307235486E-5 6.0598715307235486E-5 
3.635922918434129E-4 1.5149678826808873E-4 6.0598715307235486E-5 
3.635922918434129E-4 1.2119743061447097E-4 0.0 
2.4239486122894195E-4 1.5149678826808873E-4 1.2119743061447097E-4 
3.0299357653617746E-4 9.089807296085323E-5 3.0299357653617743E-5 
0.0 3.0299357653617743E-5 0.0 
1.8179614592170646E-4 0.0 0.0 
1.5149678826808873E-4 0.0 0.0 
2.1209550357532422E-4 3.0299357653617743E-5 3.0299357653617743E-5 
3.0299357653617743E-5 0.0 0.0 
0.0 0.0 0.0 
3.0299357653617743E-5 3.0299357653617743E-5 0.0 
0.0 0.0 0.0 
6.0598715307235486E-5 0.0 0.0 
0.0 0.0 0.0 
3.0299357653617743E-5 0.0 0.0 
0.0 0.0 0.0 
0.0 0.0 0.0 
0.0 3.0299357653617743E-5 0.0 
0.0 0.0 3.0299357653617743E-5 
9.089807296085323E-5 0.0 0.0 
